#      ID        x          y         z         vx      vy     vz[km/s]    Rvir(Mpc)      Mvir    #sub 
0      2697   -0.03681  -0.21114  -0.25028  175.728  99.785  -172.552  1.060  6.680  9       
1      4275   0.01405  -0.25349  -0.16224  -23.659  78.598  -115.311  0.967  5.074  8       
2      4822   -0.14121  -0.24074  -0.00841  -120.662  -230.479  196.566  1.609  23.405  12      
3      5166   0.00551  -0.29703  -0.02875  11.806  -230.646  84.637  1.365  14.334  6       
4      5420   -0.11522  -0.18372  -0.16222  108.359  -84.791  -54.912  1.851  35.574  20      
5      5427   0.00693  -0.18710  -0.19695  -20.081  -62.260  -202.802  1.638  24.712  10      
6      5703   -0.18749  -0.09434  -0.06612  -91.617  -229.497  95.071  1.136  8.258  3       
7      5707   -0.25407  -0.04663  -0.05220  -64.205  -210.053  -108.759  1.355  13.952  3       
8      5710   -0.06801  -0.04234  -0.00639  255.087  -119.552  50.275  1.261  11.257  5       
9      5738   0.04458  -0.02105  -0.18721  207.181  -3.658  -199.268  1.084  7.144  3       
10     5743   -0.04483  -0.03780  0.00992  232.954  19.595  -130.118  1.068  6.875  9       
11     5816   -0.18336  -0.12811  0.00488  55.982  -183.975  -147.154  1.161  8.794  7       
12     5829   -0.24815  -0.09541  -0.00698  34.130  -19.168  -114.192  1.038  6.269  1       
13     6098   -0.26312  -0.00549  -0.09111  -97.115  -118.221  50.378  1.113  7.743  2       
14     9784   -0.15984  -0.29059  0.07022  -88.709  17.540  427.404  1.056  6.629  5       
15     9801   -0.16286  -0.27459  0.08438  11.256  -433.670  -117.275  1.247  10.896  15      
16     9892   -0.19016  -0.25885  0.08147  428.181  -542.407  -179.074  1.463  17.577  9       
17     10002   -0.14853  -0.24835  0.05329  -172.556  -486.521  -22.537  1.577  22.034  12      
18     14168   -0.04332  -0.21602  0.29145  97.140  -342.944  264.783  1.600  23.036  9       
19     14172   -0.07701  -0.21241  0.23148  136.518  -343.045  37.885  1.296  12.232  5       
