-23.199969 -19.999926       74
-23.199947 -19.200059       74
-23.199911 -18.400069       74
-23.199902 -17.600094       74
-23.199959 -16.799951       74
-23.199969 -15.999962       74
-23.200086 -15.200021       74
-22.399995 -19.999929       74
-22.400069 -19.200003       74
-22.400087 -18.400054       74
-22.399905 -17.599937       74
-22.399942 -16.799982       74
-22.400075 -15.999922       74
-22.399940 -15.200072       74
-22.400002 -14.400084       74
-22.399944 -13.600027       74
-22.399982 -12.799979       78
-22.399930 -12.000059       78
-22.399925 -11.200055       78
-22.399974 -10.399932       78
-22.400045  -9.600055       78
-22.400099  -8.799925       78
-22.400037  -8.000030       78
-22.399914  -7.199925       78
-22.399920  -6.400042       78
-21.599960 -19.999955       74
-21.599935 -19.200007       74
-21.599909 -18.400013       74
-21.599931 -17.599953       74
-21.600054 -16.799977       74
-21.599943 -16.000049       74
-21.599942 -15.199985       74
-21.599906 -14.400097       74
-21.600065 -13.599962       74
-21.599994 -12.800075       78
-21.600001 -12.000060       78
-21.599931 -11.200004       78
-21.599989 -10.400020       78
-21.600029  -9.599932       78
-21.599920  -8.799995       78
-21.599957  -8.000027       78
-21.600003  -7.199983       78
-21.600081  -6.399903       78
-21.600000  -5.600099       78
-21.599970  -4.799967       78
-21.599912  -4.000087       82
-21.599935  -3.200035       82
-21.599966  -2.399944       82
-21.600063  -1.600056       82
-21.600082  -0.799989       82
-21.599926  -0.000067       82
-21.599961   0.800056       82
-21.600041   1.599927       82
-21.599917   2.400065       82
-20.800022 -19.999960       74
-20.800013 -19.200032       74
-20.799940 -18.400049       74
-20.799934 -17.599922       74
-20.800050 -16.800025       74
-20.800013 -16.000052       74
-20.800070 -15.199961       74
-20.799919 -14.400016       74
-20.799958 -13.599974       74
-20.799903 -12.800079       78
-20.799929 -12.000074       78
-20.799941 -11.199933       78
-20.800015 -10.399944       78
-20.799917  -9.599902       78
-20.800077  -8.799935       78
-20.800088  -8.000057       78
-20.799963  -7.200056       78
-20.800032  -6.399928       78
-20.799919  -5.600097       78
-20.800097  -4.799900       78
-20.799983  -4.000090       82
-20.799962  -3.200034       82
-20.800047  -2.399914       82
-20.800024  -1.599961       82
-20.799949  -0.799957       82
-20.800085  -0.000018       82
-20.799958   0.799928       82
-20.799910   1.600014       82
-20.799937   2.400079       82
-20.800049   3.200016       82
-20.800028   3.999953       82
-20.800029   4.799950      160
-20.799921   5.599932      160
-20.799998   6.400017      160
-20.800085   7.200094      160
-20.800056   7.999919      160
-20.799921   8.800022      160
-20.799950   9.599991      160
-20.799999  10.399946      160
-20.799932  11.200019      160
-20.000072 -20.000045       74
-19.999944 -19.200004       74
-20.000002 -18.399998       74
-19.999993 -17.600013       74
-19.999980 -16.800096       74
-20.000058 -15.999955       74
-19.999989 -15.199918       74
-19.999921 -14.400090       74
-19.999994 -13.599904       74
-20.000053 -12.799987       74
-19.999962 -12.000097       78
-20.000096 -11.200023       78
-20.000022 -10.400072       78
-19.999943  -9.600076       78
-19.999982  -8.799918       78
-20.000081  -7.999919       78
-19.999931  -7.199970       78
-19.999943  -6.400084       78
-20.000045  -5.600061       78
-19.999943  -4.799927       78
-19.999981  -3.999986       82
-19.999916  -3.199916       82
-20.000030  -2.400007       82
-19.999925  -1.600010       82
-19.999920  -0.799975       82
-20.000094  -0.000000       82
-19.999901   0.800067       82
-19.999971   1.599908       82
-19.999951   2.399902       82
-20.000023   3.200021       82
-20.000062   4.000052       82
-19.999946   4.800003      160
-19.999919   5.599980      160
-19.999999   6.399978      160
-19.999908   7.200011      160
-20.000069   7.999901      160
-20.000055   8.799903      160
-19.999972   9.600017      160
-20.000056  10.399986      160
-19.999924  11.199945      160
-19.999920  12.000045      160
-20.000067  12.800059      163
-20.000040  13.600053      163
-19.999997  14.399967      163
-20.000012  15.200025      163
-19.999919  16.000026      163
-19.999951  16.800030      163
-20.000035  17.600032      163
-20.000025  18.399936      163
-20.000055  19.199941      163
-19.199990 -19.999936       74
-19.200080 -19.200047       74
-19.200041 -18.400014       74
-19.200059 -17.599935       74
-19.200092 -16.800058       74
-19.199908 -16.000067       74
-19.199959 -15.200083       74
-19.200092 -14.399932       74
-19.200022 -13.599973       74
-19.200065 -12.800003       74
-19.200034 -11.999941       78
-19.200077 -11.199952       78
-19.200022 -10.400035       78
-19.200040  -9.599963       78
-19.199994  -8.799980       78
-19.200050  -7.999942       78
-19.200051  -7.200037       78
-19.200011  -6.400024       78
-19.199981  -5.600096       78
-19.199908  -4.799908       78
-19.199906  -4.000078       82
-19.199924  -3.199964       82
-19.199975  -2.400005       82
-19.200046  -1.600020       82
-19.199972  -0.799924       82
-19.200033  -0.000045       82
-19.199923   0.799978       82
-19.200087   1.600001       82
-19.199995   2.400036       82
-19.200052   3.199964       82
-19.199907   4.000024       82
-19.200024   4.799936      160
-19.199957   5.599923      160
-19.199945   6.400048      160
-19.200018   7.199920      160
-19.200069   7.999992      160
-19.200033   8.799987      160
-19.200004   9.599928      160
-19.199961  10.400057      160
-19.199983  11.199963      160
-19.199965  12.000026      160
-19.199961  12.800091      163
-19.199913  13.600073      163
-19.200036  14.400096      163
-19.200025  15.199960      163
-19.200055  15.999965      163
-19.199954  16.799938      163
-19.200052  17.600036      163
-19.199971  18.400031      163
-19.200015  19.199989      163
-19.200009  19.999962      163
-19.199930  20.800087      163
-18.400021 -20.000051       74
-18.400032 -19.200053       74
-18.399903 -18.399909       74
-18.400077 -17.600094       74
-18.399975 -16.800088       74
-18.399904 -15.999961       74
-18.400084 -15.200055       74
-18.400011 -14.399991       74
-18.399946 -13.600062       74
-18.399975 -12.800099       74
-18.399938 -11.999907       78
-18.400009 -11.200038       78
-18.400017 -10.399953       78
-18.400004  -9.600093       78
-18.399969  -8.800043       78
-18.399904  -7.999940       78
-18.400035  -7.199926       78
-18.399968  -6.399993       78
-18.400052  -5.600021       78
-18.399969  -4.800031       78
-18.399997  -3.999915       82
-18.400022  -3.199972       82
-18.400083  -2.400055       82
-18.399978  -1.600078       82
-18.400032  -0.799992       82
-18.399912  -0.000070       82
-18.399994   0.800006       82
-18.400013   1.600078       82
-18.400045   2.399901       82
-18.400097   3.200093       81
-18.400100   3.999940       81
-18.399912   4.800012       81
-18.400045   5.600087      160
-18.400033   6.399983      160
-18.399962   7.200095      160
-18.399961   7.999963      160
-18.399999   8.800070      160
-18.400030   9.600042      160
-18.399903  10.399977      160
-18.400051  11.200099      160
-18.400017  12.000017      160
-18.400013  12.800094      163
-18.399918  13.599988      163
-18.400044  14.400001      163
-18.400078  15.199956      163
-18.399933  15.999907      163
-18.399970  16.800027      163
-18.400064  17.600010      163
-18.400081  18.400062      163
-18.399913  19.199981      163
-18.400044  20.000041      163
-18.400018  20.800032      163
-17.599927 -19.999943       74
-17.599921 -19.199905       74
-17.600000 -18.400085       74
-17.599930 -17.600099       74
-17.599922 -16.800011       74
-17.600087 -16.000081       74
-17.599970 -15.200052       74
-17.600040 -14.399932       74
-17.599988 -13.600078       74
-17.600074 -12.800086       74
-17.599932 -11.999946       74
-17.600032 -11.199977       78
-17.600067 -10.400067       78
-17.600033  -9.600010       78
-17.599955  -8.800005       78
-17.600068  -8.000044       78
-17.599979  -7.200029       78
-17.599980  -6.400094       78
-17.599911  -5.600046       78
-17.599958  -4.800064       76
-17.599927  -3.999943       76
-17.600077  -3.199977       76
-17.600027  -2.400030       82
-17.600024  -1.600058       82
-17.600086  -0.799971       82
-17.600050   0.000040       82
-17.600068   0.799900       82
-17.599973   1.600028       82
-17.600021   2.400081       81
-17.600012   3.200002       81
-17.600027   3.999998       81
-17.599907   4.800016       81
-17.600022   5.600068       81
-17.600018   6.399942      160
-17.599924   7.199942      160
-17.600059   8.000087      160
-17.600025   8.799931      160
-17.599991   9.599972      160
-17.599967  10.399940      160
-17.600036  11.200029      160
-17.600073  11.999924      160
-17.599906  12.800023      163
-17.599957  13.599945      163
-17.600100  14.400016      163
-17.600039  15.199948      163
-17.600025  16.000063      163
-17.599977  16.799927      163
-17.600069  17.599930      163
-17.600008  18.399986      163
-17.600022  19.200027      163
-17.599967  20.000050      163
-17.600041  20.800009      163
-16.799945 -20.000006       74
-16.799931 -19.199960       74
-16.800047 -18.399943       74
-16.799935 -17.599964       74
-16.799913 -16.800057       74
-16.800077 -15.999949       74
-16.800028 -15.200021       74
-16.800006 -14.399908       74
-16.800092 -13.600046       74
-16.800022 -12.800063       74
-16.799949 -12.000017       74
-16.800024 -11.200002       78
-16.800055 -10.399911       78
-16.799959  -9.599901       78
-16.799918  -8.800046       78
-16.800083  -8.000078       78
-16.799933  -7.199944       78
-16.799982  -6.400057       78
-16.799947  -5.600018       76
-16.800095  -4.799925       76
-16.800022  -3.999938       76
-16.799918  -3.199919       76
-16.800060  -2.399909       76
-16.799982  -1.599955       82
-16.800035  -0.799967       82
-16.800012   0.000089       82
-16.799929   0.799946       82
-16.800094   1.600008       81
-16.800054   2.400035       81
-16.799901   3.200037       81
-16.799978   4.000079       81
-16.800007   4.799948       81
-16.800028   5.600081       81
-16.800083   6.400065      160
-16.800027   7.200031      160
-16.800008   7.999997      160
-16.799964   8.800025      160
-16.799930   9.599904      160
-16.800099  10.400015      160
-16.800082  11.200065      160
-16.799908  12.000090      163
-16.800090  12.800056      163
-16.799931  13.599989      163
-16.799918  14.399936      163
-16.800017  15.199950      163
-16.799908  16.000049      163
-16.799943  16.800072      163
-16.800065  17.600053      163
-16.799961  18.400074      163
-16.800044  19.200038      163
-16.799961  20.000073      163
-16.799922  20.800046      163
-15.999917 -20.799988       74
-15.999969 -19.999934       74
-15.999975 -19.200022       74
-15.999921 -18.400045       74
-15.999987 -17.600001       74
-15.999940 -16.800031       74
-15.999950 -15.999966       74
-15.999913 -15.200052       74
-15.999989 -14.400079       74
-15.999919 -13.600088       74
-16.000096 -12.800054       74
-16.000087 -12.000056       74
-16.000031 -11.200038       73
-15.999908 -10.400095       73
-15.999956  -9.599926       73
-16.000090  -8.800088       73
-15.999971  -8.000055       78
-16.000068  -7.200065       78
-16.000073  -6.399913       76
-16.000025  -5.599900       76
-15.999994  -4.799970       76
-15.999953  -4.000093       76
-15.999934  -3.200089       76
-16.000015  -2.399913       76
-16.000021  -1.600059       76
-16.000052  -0.799986       76
-15.999953  -0.000009       82
-16.000069   0.800019       81
-15.999929   1.599955       81
-15.999936   2.399997       81
-15.999937   3.199956       81
-16.000032   4.000032       81
-16.000046   4.799905       81
-15.999958   5.600059       81
-16.000010   6.400070       81
-15.999961   7.200035      111
-15.999997   7.999927      111
-15.999944   8.799938      111
-16.000043   9.599934      111
-16.000021  10.400019      111
-16.000027  11.200026      160
-16.000073  12.000036      163
-16.000081  12.799976      163
-16.000085  13.600024      163
-16.000081  14.400031      163
-15.999967  15.199922      163
-16.000020  16.000054      163
-15.999994  16.800088      163
-15.999998  17.599961      163
-16.000049  18.400019      163
-15.999919  19.199987      163
-16.000056  19.999998      163
-15.999944  20.799942      163
-15.199913 -20.799962       74
-15.200069 -19.999942       74
-15.200014 -19.199912       74
-15.199930 -18.400068       74
-15.200045 -17.599992       74
-15.199972 -16.799945       74
-15.199936 -15.999999       74
-15.200099 -15.200031       74
-15.200073 -14.399947       74
-15.199906 -13.600088       74
-15.199979 -12.799962       74
-15.200039 -11.999971       73
-15.200092 -11.199941       73
-15.200028 -10.400094       73
-15.199990  -9.600066       73
-15.200046  -8.800077       73
-15.199959  -8.000009       73
-15.199932  -7.200064       73
-15.199994  -6.399956       76
-15.199917  -5.600045       76
-15.200011  -4.799974       76
-15.199941  -3.999945       76
-15.200059  -3.199965       76
-15.199998  -2.400040       76
-15.199982  -1.599971       76
-15.199977  -0.800018       76
-15.199922  -0.000087       76
-15.200047   0.800015       81
-15.199906   1.600060       81
-15.199927   2.399987       81
-15.200087   3.200017       81
-15.199927   4.000062       81
-15.199915   4.800054       81
-15.200028   5.600061       81
-15.200065   6.400007      111
-15.199903   7.200085      111
-15.199937   7.999976      111
-15.199998   8.800082      111
-15.199993   9.599946      111
-15.200013  10.399987      111
-15.199992  11.200051      111
-15.199976  11.999994      158
-15.200085  12.799922      158
-15.199942  13.600044      163
-15.200048  14.399915      163
-15.200078  15.200048      163
-15.199960  15.999928      163
-15.199931  16.799938      163
-15.200012  17.599963      163
-15.200025  18.399990      163
-15.200026  19.199959      163
-15.199979  19.999988      163
-15.199988  20.800029      163
-14.400038 -20.799959       74
-14.400029 -19.999915       74
-14.399937 -19.199928       74
-14.399973 -18.400040       74
-14.399946 -17.599993       74
-14.400085 -16.799977       74
-14.399902 -16.000069       74
-14.399929 -15.200057       74
-14.399982 -14.400053       74
-14.399959 -13.599940       74
-14.400021 -12.800060       74
-14.399921 -12.000055       73
-14.399906 -11.199953       73
-14.399953 -10.399934       73
-14.399909  -9.600049       73
-14.400041  -8.800093       73
-14.399967  -7.999975       73
-14.399918  -7.200041       73
-14.400076  -6.400014       76
-14.399963  -5.600038       76
-14.400023  -4.799940       76
-14.399997  -4.000068       76
-14.400019  -3.200017       76
-14.399992  -2.399913       76
-14.399921  -1.599993       76
-14.399995  -0.800039       76
-14.400001   0.000020       76
-14.400052   0.799920       81
-14.399989   1.599917       81
-14.399915   2.399909       81
-14.399915   3.199938       81
-14.400068   3.999949       81
-14.400070   4.799930       81
-14.400008   5.599997       81
-14.399947   6.399998      111
-14.400005   7.200097      111
-14.400033   8.000005      111
-14.400079   8.800023      111
-14.399957   9.600086      111
-14.399936  10.399941      111
-14.400037  11.200037      158
-14.399984  11.999968      158
-14.400064  12.799981      158
-14.399955  13.599943      158
-14.400041  14.400010      163
-14.400075  15.199934      163
-14.399943  15.999991      163
-14.399914  16.800088      163
-14.400048  17.599906      163
-14.400097  18.399902      163
-14.400066  19.199920      163
-14.400091  20.000048      163
-13.599916 -20.800018       74
-13.599920 -19.999931       74
-13.599918 -19.199995       74
-13.599925 -18.399938       74
-13.599939 -17.599994       74
-13.600061 -16.799958       74
-13.600033 -16.000058       74
-13.600079 -15.200055       74
-13.599959 -14.400013       74
-13.600081 -13.600053       74
-13.599909 -12.799945       73
-13.600021 -11.999958       73
-13.600089 -11.200040       73
-13.600003 -10.400070       73
-13.600009  -9.600067       73
-13.600088  -8.800081       73
-13.600020  -7.999928       73
-13.599989  -7.199911       73
-13.600056  -6.400010       76
-13.599902  -5.599970       76
-13.599910  -4.800032       76
-13.600040  -3.999948       76
-13.600044  -3.200079       76
-13.599918  -2.400040       76
-13.599990  -1.599953       76
-13.599965  -0.799942       76
-13.599907   0.000078       77
-13.599978   0.799941       77
-13.599929   1.599929       81
-13.600069   2.400066       81
-13.599988   3.199947       81
-13.599976   3.999912       81
-13.599952   4.800012       81
-13.600099   5.600012       81
-13.600047   6.399907      111
-13.600026   7.200066      111
-13.599932   8.000040      111
-13.600037   8.800060      111
-13.599949   9.600071      111
-13.600046  10.400100      111
-13.600050  11.199967      158
-13.600046  12.000095      158
-13.599918  12.799910      158
-13.600067  13.600078      158
-13.599905  14.400009      158
-13.600048  15.200019      163
-13.600099  15.999987      163
-13.600069  16.800054      163
-13.600095  17.599978      163
-13.600081  18.400017      163
-13.600087  19.200015      163
-13.599922  19.999946      163
-12.799916 -20.800086       74
-12.799980 -19.999944       74
-12.799984 -19.199995       74
-12.800018 -18.399948       74
-12.800044 -17.600055       74
-12.800006 -16.799910       74
-12.800006 -15.999941       74
-12.799968 -15.200023       74
-12.800061 -14.400007       74
-12.799933 -13.599975       74
-12.799911 -12.800002       73
-12.799962 -11.999909       73
-12.800048 -11.199973       73
-12.800074 -10.400067       73
-12.799925  -9.600034       73
-12.800065  -8.799929       73
-12.800098  -8.000009       73
-12.800039  -7.199909       73
-12.800043  -6.400060       65
-12.800099  -5.599957       76
-12.800064  -4.800058       76
-12.800024  -3.999968       76
-12.799939  -3.199989       76
-12.800031  -2.399983       76
-12.800032  -1.599995       76
-12.800078  -0.799940       77
-12.799968  -0.000099       77
-12.800040   0.800032       77
-12.800054   1.599955       77
-12.799973   2.399936       81
-12.799984   3.200091       81
-12.800027   3.999999       81
-12.800044   4.799913       83
-12.799996   5.599929       83
-12.800059   6.399907      111
-12.799909   7.199924      111
-12.800053   8.000085      111
-12.800072   8.800021      111
-12.800024   9.599951      111
-12.799903  10.399972      158
-12.799902  11.200097      158
-12.800011  11.999919      158
-12.799951  12.799926      158
-12.799991  13.599941      158
-12.799979  14.400019      158
-12.799924  15.199927      158
-12.800087  15.999944      161
-12.799974  16.799912      161
-12.800063  17.599977      161
-12.799961  18.400053      161
-12.799963  19.199906      161
-12.800096  20.000001      161
-12.000092 -20.799993       74
-11.999973 -19.999998       74
-12.000072 -19.200085       74
-11.999965 -18.399905       74
-11.999940 -17.599927       74
-12.000062 -16.799911       74
-11.999994 -15.999952       74
-11.999996 -15.200027       74
-11.999976 -14.400027       74
-12.000025 -13.599994       74
-12.000052 -12.799969       73
-11.999976 -12.000087       73
-12.000053 -11.199903       73
-11.999907 -10.400035       73
-12.000071  -9.599906       73
-11.999921  -8.800065       73
-12.000005  -8.000021       73
-11.999944  -7.199984       65
-11.999923  -6.400077       65
-12.000075  -5.599977       65
-12.000029  -4.799948       65
-12.000028  -3.999951       76
-11.999911  -3.199919       76
-12.000027  -2.399916       76
-11.999924  -1.599901       77
-12.000002  -0.800088       77
-12.000021  -0.000034       77
-12.000095   0.799954       77
-11.999926   1.599945       77
-11.999920   2.399995       77
-11.999948   3.199936       83
-11.999914   3.999956       83
-11.999913   4.800032       83
-12.000091   5.600060       83
-11.999915   6.399980       83
-12.000011   7.200007      110
-12.000031   8.000052      110
-11.999916   8.800073      110
-12.000020   9.600072      110
-11.999951  10.400076      158
-12.000007  11.199913      158
-11.999968  12.000030      158
-12.000086  12.799926      158
-11.999937  13.599972      158
-11.999981  14.399993      158
-11.999940  15.199911      161
-11.999978  16.000005      161
-12.000019  16.800089      161
-12.000038  17.600078      161
-11.999917  18.400019      161
-12.000076  19.199907      161
-11.999921  20.000064      161
-11.199979 -20.799984       74
-11.200021 -20.000052       74
-11.199962 -19.200090       74
-11.200098 -18.399997       74
-11.200013 -17.600004       74
-11.200100 -16.800095       74
-11.200020 -15.999924       74
-11.199998 -15.199989       74
-11.200076 -14.399947       74
-11.200023 -13.600077       66
-11.199920 -12.799910       66
-11.199979 -12.000034       73
-11.199978 -11.200090       73
-11.199924 -10.400020       73
-11.199997  -9.600084       73
-11.199914  -8.800098       73
-11.200019  -8.000094       65
-11.200031  -7.199937       65
-11.200026  -6.399917       65
-11.199998  -5.599972       65
-11.199984  -4.800045       65
-11.199981  -3.999960       65
-11.200038  -3.199953       76
-11.199979  -2.400003       76
-11.200064  -1.599932       77
-11.199937  -0.800084       77
-11.200028  -0.000044       77
-11.199944   0.800090       77
-11.199925   1.599989       77
-11.200085   2.400092       77
-11.200019   3.200048       83
-11.200089   3.999994       83
-11.200040   4.800069       83
-11.200044   5.599957       83
-11.199951   6.400027       83
-11.200024   7.199965      110
-11.199985   8.000025      110
-11.199911   8.800005      110
-11.200093   9.600098      110
-11.200094  10.400013      110
-11.199942  11.199934      158
-11.199995  12.000053      158
-11.199986  12.799948      158
-11.200085  13.600009      158
-11.200079  14.400092      158
-11.200037  15.200062      161
-11.199998  16.000044      161
-11.199990  16.799935      161
-11.199912  17.599940      161
-11.199913  18.400003      161
-11.199951  19.199935      161
-11.199980  20.000038      161
-10.399934 -20.000014       74
-10.399947 -19.200063       74
-10.400085 -18.399982       74
-10.400071 -17.600064       74
-10.399972 -16.800066       74
-10.399907 -15.999937       74
-10.400035 -15.199956       74
-10.399957 -14.399904       66
-10.400006 -13.600049       66
-10.400090 -12.800036       66
-10.400070 -11.999989       66
-10.400036 -11.200082       66
-10.400085 -10.400017       66
-10.400008  -9.599967       73
-10.400076  -8.800057       65
-10.400060  -7.999981       65
-10.400096  -7.200018       65
-10.400074  -6.400028       65
-10.400067  -5.600004       65
-10.400074  -4.799996       65
-10.399995  -4.000040       65
-10.400051  -3.200088       65
-10.399906  -2.399968       64
-10.400055  -1.599976       64
-10.399996  -0.800047       77
-10.400068   0.000093       77
-10.400068   0.799915       77
-10.399933   1.600050       77
-10.399911   2.399944       77
-10.400038   3.199915       83
-10.400005   3.999960       83
-10.400078   4.800023       83
-10.400100   5.600023       83
-10.399941   6.399952       83
-10.399971   7.199993      110
-10.399923   8.000035      110
-10.400029   8.799989      110
-10.400086   9.600004      110
-10.400046  10.400059      110
-10.399976  11.200076      138
-10.399976  12.000053      138
-10.399945  12.799958      158
-10.399997  13.600037      158
-10.400071  14.399935      161
-10.400043  15.199974      161
-10.400011  16.000053      161
-10.399958  16.800033      161
-10.399975  17.600077      161
-10.400032  18.399942      161
-10.399958  19.200070      161
-10.399972  20.000033      161
 -9.599929 -20.000044       68
 -9.599905 -19.199947       68
 -9.599955 -18.400049       68
 -9.599958 -17.599921       68
 -9.599914 -16.799945       68
 -9.599992 -15.999923       68
 -9.600030 -15.199932       66
 -9.599902 -14.400011       66
 -9.599935 -13.599957       66
 -9.599969 -12.800100       66
 -9.600052 -11.999902       66
 -9.600036 -11.200064       66
 -9.600089 -10.400048       66
 -9.599955  -9.599927       66
 -9.600022  -8.800003       65
 -9.599943  -7.999963       65
 -9.600006  -7.199936       65
 -9.599913  -6.399903       65
 -9.599944  -5.600071       65
 -9.599982  -4.799926       65
 -9.599998  -3.999923       65
 -9.599941  -3.199927       64
 -9.599906  -2.399932       64
 -9.599933  -1.600029       64
 -9.599970  -0.799915       64
 -9.600007   0.000085       77
 -9.599961   0.799916       77
 -9.600028   1.599908       77
 -9.599993   2.400011       79
 -9.599926   3.199912       83
 -9.600033   4.000076       83
 -9.599920   4.799930       83
 -9.600071   5.599961       83
 -9.600091   6.400079       83
 -9.600095   7.200062      110
 -9.599987   7.999979      110
 -9.599904   8.800045      110
 -9.599996   9.599997      110
 -9.599955  10.400068      138
 -9.599945  11.199925      138
 -9.599967  12.000070      138
 -9.599915  12.799960      138
 -9.599959  13.599960      138
 -9.600031  14.400062      161
 -9.600076  15.200027      161
 -9.600028  16.000047      161
 -9.600007  16.800085      161
 -9.600070  17.599967      161
 -9.599937  18.400020      161
 -9.600033  19.200094      161
 -9.599919  19.999903      161
 -8.800061 -19.199975       68
 -8.800097 -18.400088       68
 -8.800008 -17.600094       68
 -8.800087 -16.800063       68
 -8.800062 -16.000010       68
 -8.799908 -15.200080       68
 -8.800051 -14.400061       66
 -8.800090 -13.599945       66
 -8.800058 -12.800048       66
 -8.800027 -11.999935       66
 -8.800015 -11.199988       66
 -8.800097 -10.399984       66
 -8.799955  -9.599993       66
 -8.800067  -8.799909       66
 -8.800073  -7.999908       65
 -8.799964  -7.199913       65
 -8.800028  -6.400006       65
 -8.799981  -5.600080       65
 -8.800022  -4.799942       65
 -8.800060  -3.999941       65
 -8.799972  -3.200082       64
 -8.800023  -2.399959       64
 -8.799959  -1.600099       64
 -8.799971  -0.800004       64
 -8.799929   0.000047       64
 -8.799967   0.799975       79
 -8.800046   1.600070       79
 -8.800042   2.399946       79
 -8.799931   3.200007       79
 -8.799930   4.000016       83
 -8.800061   4.800086       83
 -8.799963   5.600018       83
 -8.799902   6.400052      109
 -8.800073   7.199969      109
 -8.800073   7.999960      109
 -8.800032   8.800043      110
 -8.799988   9.600058      110
 -8.800050  10.399922      138
 -8.800092  11.199911      138
 -8.800079  12.000000      138
 -8.799955  12.800046      138
 -8.799975  13.600082      138
 -8.800063  14.400058      161
 -8.800092  15.200072      161
 -8.800059  16.000009      161
 -8.799961  16.799959      161
 -8.800034  17.599988      161
 -8.799954  18.399998      161
 -8.799929  19.200042      161
 -8.800015  19.999905      161
 -7.999966 -19.200029       68
 -8.000002 -18.399900       68
 -8.000053 -17.599942       68
 -7.999921 -16.800024       68
 -8.000072 -16.000077       68
 -8.000077 -15.199948       68
 -8.000100 -14.399947       66
 -7.999996 -13.599977       66
 -7.999991 -12.799909       66
 -8.000042 -12.000042       66
 -8.000097 -11.200087       66
 -7.999935 -10.399947       66
 -7.999939  -9.599908       66
 -7.999931  -8.800026       66
 -7.999964  -8.000042       65
 -8.000037  -7.200000       65
 -7.999999  -6.400068       65
 -8.000035  -5.599994       65
 -7.999900  -4.800083       65
 -7.999950  -3.999938       56
 -7.999914  -3.199918       64
 -7.999968  -2.399992       64
 -7.999958  -1.600041       64
 -7.999972  -0.799980       64
 -7.999928   0.000094       64
 -7.999905   0.800055       79
 -7.999944   1.599995       79
 -8.000070   2.400000       79
 -7.999928   3.200035       79
 -7.999963   4.000069       85
 -7.999983   4.800050       85
 -8.000069   5.599925       85
 -8.000042   6.399932      109
 -7.999970   7.200059      109
 -7.999920   8.000080      109
 -8.000052   8.799920      109
 -8.000042   9.600063      138
 -8.000061  10.400048      138
 -7.999921  11.199974      138
 -8.000090  11.999923      138
 -8.000087  12.799949      138
 -8.000001  13.599961      138
 -8.000030  14.399964      161
 -7.999986  15.199986      161
 -7.999908  16.000054      161
 -7.999902  16.800010      161
 -8.000051  17.599934      161
 -7.999952  18.399906      161
 -7.999951  19.199933      161
 -8.000082  19.999919      161
 -7.200075 -19.199936       68
 -7.199914 -18.399909       68
 -7.199958 -17.600091       68
 -7.200060 -16.800076       68
 -7.199958 -16.000086       68
 -7.199935 -15.199918       68
 -7.200048 -14.399964       66
 -7.200031 -13.599945       66
 -7.200052 -12.799921       66
 -7.199956 -11.999922       66
 -7.199957 -11.199948       66
 -7.200024 -10.400001       66
 -7.199903  -9.600086       66
 -7.200069  -8.799930       66
 -7.200023  -7.999959       60
 -7.200083  -7.199944       60
 -7.200052  -6.399960       60
 -7.200013  -5.599949       60
 -7.199986  -4.800009       56
 -7.199982  -4.000028       56
 -7.200062  -3.200023       56
 -7.200073  -2.400036       64
 -7.200004  -1.600063       64
 -7.200073  -0.800089       64
 -7.199945  -0.000019       58
 -7.199973   0.799958       79
 -7.199997   1.599994       79
 -7.199986   2.400053       79
 -7.199991   3.199974       79
 -7.200012   3.999949       85
 -7.199922   4.800083       85
 -7.199992   5.600011       85
 -7.200083   6.399901      109
 -7.199971   7.200037      109
 -7.199963   8.000062      109
 -7.199937   8.799993      109
 -7.199958   9.599956      131
 -7.199953  10.400088      131
 -7.200027  11.200067      138
 -7.199940  12.000083      138
 -7.199922  12.800031      138
 -7.200014  13.599957      156
 -7.200083  14.399948      156
 -7.200032  15.199920      156
 -7.200026  16.000009      161
 -7.199920  16.799945      161
 -7.200037  17.600062      161
 -7.200080  18.400053      161
 -7.199980  19.200090      161
 -7.200098  19.999970      161
 -6.399959 -20.800025       68
 -6.399954 -19.999916       68
 -6.399995 -19.200074       68
 -6.399998 -18.399951       68
 -6.400028 -17.600013       68
 -6.400024 -16.800072       68
 -6.400021 -15.999984       68
 -6.400059 -15.199942       68
 -6.399905 -14.399995       68
 -6.400052 -13.599995       66
 -6.399966 -12.799985       66
 -6.399938 -12.000067       66
 -6.400098 -11.199957       66
 -6.399913 -10.400018       66
 -6.400056  -9.599925       66
 -6.399986  -8.799945       60
 -6.399972  -7.999987       60
 -6.399996  -7.199963       60
 -6.399948  -6.400059       60
 -6.399935  -5.600076       60
 -6.399969  -4.799995       56
 -6.400090  -4.000020       56
 -6.400074  -3.199943       56
 -6.399901  -2.400083       56
 -6.400099  -1.600050       55
 -6.400016  -0.799915       58
 -6.399971   0.000057       58
 -6.399909   0.800078       58
 -6.399970   1.600022       79
 -6.399937   2.399958       80
 -6.399941   3.199997       85
 -6.399987   4.000046       85
 -6.400081   4.799933       85
 -6.400041   5.600061       85
 -6.400040   6.399928      101
 -6.400094   7.199910      109
 -6.400064   8.000025      109
 -6.399993   8.799947      131
 -6.399914   9.600076      131
 -6.400012  10.399928      131
 -6.399990  11.200028      131
 -6.399910  12.000093      156
 -6.400081  12.800003      156
 -6.400051  13.600000      156
 -6.400060  14.399902      156
 -6.399970  15.200004      156
 -6.400070  15.999932      156
 -6.399995  16.799916      159
 -6.400027  17.600035      159
 -6.399906  18.399986      159
 -6.400046  19.200035      159
 -6.400040  19.999912      159
 -5.600039 -21.600077       68
 -5.600080 -20.800062       68
 -5.599956 -20.000034       68
 -5.599916 -19.200035       68
 -5.600038 -18.399960       68
 -5.599972 -17.600016       68
 -5.600043 -16.799914       68
 -5.600000 -16.000086       68
 -5.600025 -15.199985       68
 -5.600016 -14.399919       68
 -5.599912 -13.600041       66
 -5.599936 -12.800096       66
 -5.599965 -12.000013       66
 -5.599926 -11.200082       66
 -5.599915 -10.399949       66
 -5.599914  -9.599964       66
 -5.599992  -8.800006       60
 -5.599974  -7.999933       60
 -5.600093  -7.199948       60
 -5.600073  -6.400023       60
 -5.599950  -5.599974       60
 -5.600064  -4.800060       56
 -5.599922  -4.000095       56
 -5.599970  -3.200000       56
 -5.599988  -2.400077       55
 -5.600064  -1.600051       55
 -5.599912  -0.799945       55
 -5.600083  -0.000052       58
 -5.600048   0.800013       58
 -5.599993   1.600094       80
 -5.600065   2.399986       80
 -5.600023   3.200071       80
 -5.600045   4.000045       85
 -5.600084   4.800029       85
 -5.599959   5.600086       85
 -5.599954   6.400000      101
 -5.600070   7.199925      101
 -5.599957   7.999976      101
 -5.600091   8.800006      131
 -5.600061   9.599937      131
 -5.599951  10.400097      131
 -5.599997  11.199959      131
 -5.599954  12.000036      156
 -5.599918  12.800021      156
 -5.599977  13.600056      156
 -5.599969  14.400041      156
 -5.599943  15.200040      156
 -5.599916  15.999927      156
 -5.600048  16.799966      159
 -5.599914  17.600019      159
 -5.600061  18.400032      159
 -5.600099  19.199917      159
 -5.599919  20.000011      159
 -4.799972 -21.599978       68
 -4.799947 -20.800041       68
 -4.799966 -19.999998       68
 -4.799981 -19.199956       68
 -4.800059 -18.399923       68
 -4.800080 -17.600012       68
 -4.799982 -16.800067       68
 -4.800020 -15.999995       68
 -4.800053 -15.199938       68
 -4.799972 -14.400072       68
 -4.800061 -13.600016       68
 -4.800098 -12.799975       66
 -4.800061 -12.000082       66
 -4.800050 -11.200040       66
 -4.800027 -10.399942       61
 -4.800011  -9.600094       61
 -4.799946  -8.800027       61
 -4.799962  -7.999922       60
 -4.799964  -7.199951       60
 -4.800090  -6.400010       60
 -4.800097  -5.599970       60
 -4.799996  -4.799968       56
 -4.799933  -4.000052       56
 -4.800081  -3.200020       56
 -4.800086  -2.400007       55
 -4.800082  -1.599919       55
 -4.799990  -0.799910       55
 -4.799950  -0.000041       58
 -4.799942   0.799946       58
 -4.800094   1.599969       80
 -4.799926   2.399974       80
 -4.800038   3.199970       80
 -4.799983   4.000038       86
 -4.800034   4.799949       86
 -4.800035   5.599991      101
 -4.800063   6.399943      101
 -4.800038   7.199969      101
 -4.799939   8.000061      101
 -4.799904   8.800007      127
 -4.799950   9.599962      127
 -4.800056  10.400010      131
 -4.800024  11.199965      147
 -4.799915  12.000001      147
 -4.799930  12.800085      156
 -4.800080  13.599987      156
 -4.800034  14.400084      156
 -4.800095  15.199928      156
 -4.800038  16.000005      159
 -4.800067  16.799951      159
 -4.800036  17.599916      159
 -4.800057  18.400002      159
 -4.799965  19.200009      159
 -4.000030 -21.600005       68
 -3.999924 -20.800061       68
 -3.999927 -19.999996       68
 -3.999983 -19.200036       68
 -4.000063 -18.399995       68
 -4.000018 -17.600087       68
 -4.000059 -16.800090       68
 -4.000080 -15.999907       68
 -3.999964 -15.200093       68
 -4.000048 -14.400058       68
 -3.999932 -13.600012       67
 -3.999915 -12.799964       67
 -4.000095 -11.999974       67
 -4.000040 -11.199949       61
 -4.000013 -10.400026       61
 -3.999939  -9.600030       61
 -4.000088  -8.800022       61
 -4.000042  -7.999944       61
 -4.000033  -7.200022       60
 -3.999976  -6.399942       52
 -4.000097  -5.599960       52
 -3.999909  -4.800063       52
 -4.000060  -4.000005       45
 -3.999961  -3.200062       45
 -3.999910  -2.400071       47
 -4.000058  -1.600008       47
 -3.999969  -0.799910       48
 -4.000090  -0.000065       50
 -4.000063   0.799948       57
 -4.000016   1.599982       84
 -3.999997   2.399977       84
 -4.000073   3.200099       86
 -3.999972   3.999998       86
 -3.999926   4.799985       86
 -3.999956   5.600027       95
 -3.999948   6.399964       95
 -3.999932   7.200093      101
 -3.999947   7.999979      127
 -3.999945   8.799955      127
 -3.999951   9.599938      127
 -4.000034  10.399944      147
 -3.999993  11.199995      147
 -3.999932  11.999938      147
 -4.000057  12.799967      147
 -3.999957  13.600010      156
 -4.000027  14.400074      156
 -3.999960  15.200002      156
 -3.999945  15.999970      159
 -3.999962  16.799955      159
 -3.999916  17.600027      159
 -4.000023  18.399986      159
 -4.000092  19.200015      159
 -3.200058 -21.600055       68
 -3.200002 -20.799995       68
 -3.199920 -19.999969       68
 -3.199965 -19.199906       68
 -3.200035 -18.400067       68
 -3.200026 -17.600079       68
 -3.199979 -16.799954       68
 -3.199918 -15.999984       68
 -3.199974 -15.199934       68
 -3.200026 -14.399949       67
 -3.199960 -13.600058       67
 -3.199962 -12.800008       67
 -3.200012 -12.000099       67
 -3.200033 -11.199973       61
 -3.199970 -10.400091       61
 -3.199997  -9.599908       61
 -3.200098  -8.800090       61
 -3.200077  -8.000091       61
 -3.199933  -7.200099       52
 -3.200082  -6.400076       52
 -3.200068  -5.600071       52
 -3.200054  -4.800080       52
 -3.200010  -4.000019       45
 -3.199924  -3.200096       45
 -3.199945  -2.399954       47
 -3.199971  -1.600030       47
 -3.200003  -0.799978       48
 -3.200092  -0.000008       50
 -3.200073   0.800015       57
 -3.199987   1.600097       59
 -3.199931   2.399958       84
 -3.200011   3.199979       87
 -3.200060   4.000091       86
 -3.200068   4.799959       95
 -3.200065   5.600026       95
 -3.200095   6.400096       95
 -3.199940   7.199901      119
 -3.200074   8.000062      127
 -3.199955   8.799967      127
 -3.199921   9.600078      127
 -3.199973  10.400090      147
 -3.200060  11.200047      147
 -3.199943  11.999993      147
 -3.200076  12.799974      147
 -3.200055  13.600051      156
 -3.200051  14.399976      156
 -3.199986  15.199920      159
 -3.200045  16.000093      159
 -3.199964  16.800087      159
 -3.200023  17.600088      159
 -3.199988  18.400055      159
 -3.199946  19.199903      159
 -3.199906  19.999948      159
 -3.199937  20.800066      159
 -3.199997  21.600002      159
 -2.400049 -21.600062       75
 -2.399991 -20.800070       75
 -2.400083 -19.999910       75
 -2.400059 -19.200017       75
 -2.400009 -18.400014       75
 -2.400016 -17.600032       75
 -2.399938 -16.799997       68
 -2.400036 -16.000038       68
 -2.400046 -15.200059       67
 -2.400009 -14.399921       67
 -2.400014 -13.599928       67
 -2.399923 -12.800036       67
 -2.399966 -12.000020       67
 -2.400009 -11.200058       67
 -2.399980 -10.399949       61
 -2.400056  -9.599911       61
 -2.400081  -8.799945       61
 -2.399959  -8.000089       61
 -2.399933  -7.200040       52
 -2.400098  -6.399929       52
 -2.400037  -5.599947       52
 -2.400016  -4.800093       52
 -2.399939  -3.999981       45
 -2.400023  -3.200047       45
 -2.399920  -2.399936       40
 -2.400068  -1.600050       43
 -2.400015  -0.800020       44
 -2.400015  -0.000046       46
 -2.400076   0.799917       49
 -2.399970   1.599983       59
 -2.400077   2.400020       87
 -2.399961   3.199975       87
 -2.400099   3.999973       91
 -2.399925   4.799971       91
 -2.400058   5.599982       95
 -2.400093   6.399928      119
 -2.399996   7.199936      119
 -2.399917   7.999951      119
 -2.400036   8.800015      134
 -2.400066   9.600045      134
 -2.399943  10.400011      134
 -2.400082  11.200035      147
 -2.400017  11.999933      147
 -2.399959  12.800064      153
 -2.400001  13.599971      153
 -2.399979  14.400088      153
 -2.400076  15.199932      159
 -2.399920  16.000017      159
 -2.400030  16.799980      159
 -2.399942  17.599975      159
 -2.399993  18.399987      159
 -2.399915  19.200084      159
 -2.400099  19.999915      159
 -2.400023  20.799964      159
 -2.400070  21.600084      159
 -2.400076  22.400003      159
 -1.600021 -21.600010       75
 -1.600010 -20.799943       75
 -1.600084 -19.999948       75
 -1.600052 -19.200008       75
 -1.599997 -18.400056       75
 -1.599912 -17.599928       75
 -1.599923 -16.800041       75
 -1.599947 -15.999944       75
 -1.600046 -15.200070       67
 -1.599990 -14.400003       67
 -1.600006 -13.599995       67
 -1.599999 -12.799960       67
 -1.599908 -11.999900       67
 -1.599935 -11.200000       67
 -1.599916 -10.399929       61
 -1.599921  -9.600003       61
 -1.600037  -8.800071       61
 -1.600010  -8.000009       53
 -1.600097  -7.200024       53
 -1.599940  -6.400055       53
 -1.599926  -5.600004       42
 -1.599948  -4.800068       42
 -1.599937  -4.000099       39
 -1.599956  -3.199901       39
 -1.599971  -2.400043       40
 -1.599910  -1.599921       28
 -1.600035  -0.800075       25
 -1.600002  -0.000059       23
 -1.600042   0.800036       24
 -1.600042   1.599925       51
 -1.599947   2.400002       88
 -1.599938   3.199900       88
 -1.600063   4.000076       91
 -1.599938   4.799966       91
 -1.599927   5.599926      112
 -1.600051   6.400038      119
 -1.599938   7.199923      119
 -1.600080   8.000054      119
 -1.599963   8.799999      134
 -1.599989   9.600034      134
 -1.599901  10.399941      134
 -1.599936  11.200022      153
 -1.600026  11.999925      153
 -1.599921  12.799908      153
 -1.600084  13.599971      153
 -1.599952  14.399975      153
 -1.600059  15.199988      153
 -1.600004  15.999936      159
 -1.599978  16.799901      159
 -1.600042  17.599913      159
 -1.600007  18.400015      159
 -1.600095  19.199955      159
 -1.600043  19.999953      159
 -1.599938  20.800033      162
 -1.600065  21.600035      162
 -1.600074  22.400089      162
 -0.799998 -21.599942       75
 -0.799931 -20.800028       75
 -0.799955 -20.000034       75
 -0.800033 -19.199962       75
 -0.800061 -18.400030       75
 -0.799918 -17.600086       75
 -0.799928 -16.800004       75
 -0.800041 -16.000060       75
 -0.799917 -15.199912       67
 -0.799901 -14.399958       67
 -0.800051 -13.600094       67
 -0.800092 -12.800082       67
 -0.799933 -12.000060       67
 -0.800028 -11.200014       67
 -0.800092 -10.399940       63
 -0.799941  -9.599975       63
 -0.800084  -8.799987       63
 -0.799987  -8.000032       53
 -0.800011  -7.199950       53
 -0.800090  -6.400073       53
 -0.799954  -5.600070       42
 -0.799994  -4.800019       42
 -0.799941  -3.999953       42
 -0.800096  -3.200006       39
 -0.800021  -2.400095       29
 -0.799967  -1.599988       22
 -0.800078  -0.799927        5
 -0.799906  -0.000012        4
 -0.800046   0.799995        8
 -0.800022   1.600027       14
 -0.799981   2.399975       89
 -0.800089   3.200059       94
 -0.800067   4.000029       94
 -0.800031   4.800038      112
 -0.800091   5.599954      112
 -0.800063   6.400055      124
 -0.800047   7.199971      124
 -0.800031   8.000097      124
 -0.800024   8.800008      134
 -0.799919   9.599909      134
 -0.799922  10.399917      134
 -0.800074  11.199965      153
 -0.800002  11.999968      153
 -0.800021  12.799988      153
 -0.799969  13.600036      153
 -0.800082  14.400010      153
 -0.800008  15.199919      153
 -0.799928  16.000011      162
 -0.799952  16.800084      162
 -0.799978  17.599992      162
 -0.800084  18.400086      162
 -0.799946  19.199947      162
 -0.800083  20.000027      162
 -0.800026  20.799990      162
 -0.799976  21.599954      162
 -0.799903  22.400083      162
  0.000019 -21.599948       75
  0.000053 -20.799992       75
 -0.000048 -20.000047       75
 -0.000027 -19.199990       75
 -0.000087 -18.400070       75
 -0.000025 -17.600089       75
 -0.000099 -16.800058       75
  0.000041 -16.000016       75
  0.000078 -15.199995       75
  0.000005 -14.400020       67
  0.000030 -13.600045       67
  0.000051 -12.800054       67
  0.000048 -12.000007       67
  0.000093 -11.199964       63
 -0.000034 -10.399935       63
  0.000038  -9.599953       63
  0.000062  -8.799999       63
 -0.000028  -7.999947       53
  0.000001  -7.199952       53
  0.000032  -6.399967       53
 -0.000026  -5.600096       42
 -0.000097  -4.800061       42
 -0.000010  -4.000092       36
  0.000087  -3.199941       36
 -0.000064  -2.400014       26
 -0.000023  -1.599998       19
 -0.000094  -0.800058        3
  0.000054   0.000038        0
  0.000024   0.799985        6
 -0.000052   1.599976       10
 -0.000028   2.400052       93
 -0.000059   3.200061      100
 -0.000091   3.999929      100
  0.000078   4.800087      116
  0.000001   5.599928      112
 -0.000056   6.400023      124
 -0.000061   7.200083      124
 -0.000028   7.999963      124
 -0.000026   8.799948      141
 -0.000041   9.599996      141
  0.000097  10.399903      141
  0.000006  11.200022      141
  0.000028  11.999999      153
 -0.000015  12.800037      153
 -0.000100  13.599936      153
 -0.000005  14.399972      153
 -0.000068  15.200014      153
 -0.000010  15.999900      162
 -0.000028  16.799942      162
 -0.000071  17.600018      162
 -0.000063  18.400043      162
  0.000088  19.200014      162
 -0.000081  20.000063      162
 -0.000030  20.800063      162
 -0.000077  21.600051      162
  0.799986 -21.600015       75
  0.799943 -20.800099       75
  0.800086 -19.999930       75
  0.800072 -19.200100       75
  0.800023 -18.399978       75
  0.800048 -17.600071       75
  0.800079 -16.800065       75
  0.799957 -15.999902       75
  0.799918 -15.200098       75
  0.800028 -14.399981       70
  0.800084 -13.600048       70
  0.800021 -12.799934       70
  0.800063 -11.999976       70
  0.800008 -11.199977       63
  0.799948 -10.399922       63
  0.800042  -9.600072       63
  0.800053  -8.799906       63
  0.800018  -7.999961       53
  0.799948  -7.200039       53
  0.799927  -6.400069       53
  0.799933  -5.599909       41
  0.800055  -4.800048       41
  0.800042  -4.000087       36
  0.799924  -3.200012       36
  0.800058  -2.400032       27
  0.800068  -1.599947       18
  0.799922  -0.799920        2
  0.799917  -0.000053        1
  0.799981   0.799919        7
  0.800060   1.599921       11
  0.800048   2.400009       99
  0.800066   3.199978      107
  0.800016   3.999950      114
  0.800032   4.800079      116
  0.799943   5.600064      116
  0.800017   6.400076      130
  0.799951   7.199912      130
  0.800040   7.999956      130
  0.800031   8.799941      141
  0.799965   9.600042      141
  0.800034  10.400008      141
  0.799992  11.200070      141
  0.800090  11.999959      153
  0.800077  12.800036      153
  0.799908  13.599997      153
  0.799901  14.399990      153
  0.799986  15.200057      153
  0.800044  15.999980      162
  0.799920  16.800064      162
  0.800081  17.599922      162
  0.799953  18.400079      162
  0.800048  19.199949      162
  0.799919  19.999986      162
  0.800033  20.800021      162
  0.799958  21.600048      162
  1.600086 -21.600087       75
  1.599956 -20.800073       75
  1.599913 -19.999949       75
  1.599943 -19.200002       75
  1.599983 -18.400023       75
  1.599954 -17.599973       75
  1.599901 -16.800002       75
  1.600080 -16.000063       75
  1.599945 -15.200047       70
  1.600077 -14.400010       70
  1.599964 -13.600036       70
  1.599923 -12.800075       70
  1.600013 -12.000049       70
  1.599957 -11.200013       70
  1.600062 -10.400038       69
  1.600099  -9.600024       69
  1.600031  -8.799923       69
  1.600091  -8.000039       62
  1.599962  -7.200014       62
  1.600087  -6.399948       62
  1.599975  -5.599907       41
  1.600053  -4.800028       41
  1.600099  -3.999948       37
  1.599967  -3.199966       37
  1.600036  -2.399925       30
  1.599953  -1.600053       21
  1.600022  -0.799967       13
  1.599927  -0.000001        9
  1.599972   0.799979       12
  1.600081   1.600031       15
  1.599981   2.400095      106
  1.599976   3.199902      107
  1.600050   3.999996      114
  1.599941   4.799915      114
  1.600063   5.600024      116
  1.599956   6.400057      130
  1.600074   7.200059      130
  1.599942   8.000016      130
  1.599978   8.799920      141
  1.599932   9.600084      141
  1.600079  10.399974      141
  1.599964  11.199950      141
  1.600087  12.000012      157
  1.600047  12.799911      157
  1.599996  13.600084      157
  1.599951  14.399948      157
  1.600019  15.199940      157
  1.600041  16.000041      162
  1.600003  16.799977      162
  1.599985  17.599935      162
  1.599974  18.400042      162
  1.600066  19.200022      162
  1.599932  20.000058      162
  1.599988  20.800001      162
  1.600081  21.600044      162
  2.399997 -22.400077       75
  2.400017 -21.600008       75
  2.400058 -20.800092       75
  2.399932 -19.999974       75
  2.399901 -19.200041       75
  2.399986 -18.399975       75
  2.400044 -17.600038       75
  2.399981 -16.799903       75
  2.399960 -15.999993       75
  2.400018 -15.199954       70
  2.400052 -14.400004       70
  2.400061 -13.600030       70
  2.399976 -12.799995       70
  2.399952 -11.999930       70
  2.399906 -11.200042       70
  2.400070 -10.399964       69
  2.399975  -9.600056       69
  2.399993  -8.799950       69
  2.400080  -8.000055       62
  2.400023  -7.199934       62
  2.399931  -6.399900       62
  2.400093  -5.600033       54
  2.399963  -4.800056       54
  2.399923  -4.000007       37
  2.400079  -3.200087       38
  2.400005  -2.400066       30
  2.399952  -1.599990       31
  2.399971  -0.799982       20
  2.400077  -0.000093       17
  2.399925   0.799986       16
  2.399942   1.600094       34
  2.400052   2.399946      113
  2.400100   3.199932      120
  2.400005   4.000000      120
  2.400021   4.800028      123
  2.400018   5.600051      123
  2.399953   6.400096      130
  2.400026   7.199929      130
  2.399917   8.000066      130
  2.399913   8.799920      146
  2.399960   9.599990      146
  2.400004  10.400095      146
  2.400095  11.199918      146
  2.400050  11.999960      157
  2.399937  12.800035      157
  2.399976  13.600059      157
  2.400073  14.399930      157
  2.400070  15.200059      157
  2.399994  16.000016      157
  2.399906  16.799996      162
  2.400068  17.599942      162
  2.400001  18.400080      162
  2.399993  19.200050      162
  2.400096  19.999941      162
  2.399990  20.799920      162
  2.399937  21.600099      162
  3.200032 -22.399992       75
  3.200073 -21.600063       75
  3.200038 -20.800019       75
  3.200067 -20.000009       75
  3.199964 -19.200018       75
  3.200011 -18.400087       75
  3.200061 -17.599943       75
  3.200089 -16.800049       75
  3.200096 -15.999912       75
  3.200063 -15.199989       70
  3.200027 -14.399901       70
  3.200022 -13.600050       70
  3.200033 -12.800086       70
  3.200060 -12.000071       70
  3.199937 -11.199926       70
  3.199964 -10.399903       69
  3.199992  -9.600047       69
  3.200073  -8.800078       69
  3.199966  -7.999968       71
  3.200038  -7.200082       62
  3.200067  -6.399946       72
  3.200071  -5.600040       54
  3.199980  -4.799940       54
  3.199996  -4.000097       54
  3.199919  -3.199902       38
  3.199950  -2.399919       38
  3.199981  -1.600016       31
  3.199991  -0.800008       32
  3.199904  -0.000073       33
  3.199944   0.800016       35
  3.200022   1.599975      115
  3.199967   2.399967      113
  3.200082   3.200050      120
  3.199921   4.000076      120
  3.200063   4.799933      123
  3.199997   5.600010      123
  3.199957   6.399920      136
  3.200019   7.200021      136
  3.200087   8.000091      136
  3.199917   8.799974      146
  3.200054   9.600082      146
  3.199942  10.399986      146
  3.200038  11.199984      146
  3.199948  11.999961      157
  3.199927  12.800021      157
  3.200065  13.599924      157
  3.199904  14.399911      157
  3.199924  15.199975      157
  3.199955  15.999960      157
  3.199978  16.800040      162
  3.200034  17.600070      162
  3.200039  18.400076      162
  3.200072  19.199901      162
  3.200086  20.000088      162
  3.200008  20.800068      162
  3.199920  21.599969      162
  3.999989 -22.400020       96
  4.000053 -21.599922       96
  4.000026 -20.799961       96
  4.000075 -20.000087       96
  3.999975 -19.199948       96
  3.999937 -18.400055       96
  3.999936 -17.599999       96
  3.999926 -16.800024       96
  3.999980 -16.000030       96
  4.000006 -15.199954       96
  3.999917 -14.399992       70
  4.000002 -13.600065       70
  4.000056 -12.799933       70
  4.000073 -11.999988       70
  3.999975 -11.200081       90
  4.000015 -10.400045       90
  4.000045  -9.600033       90
  3.999951  -8.800019       71
  4.000032  -7.999940       71
  3.999995  -7.200068       71
  3.999974  -6.399958       72
  4.000062  -5.600041       72
  3.999992  -4.799987       72
  4.000058  -3.999930       92
  4.000060  -3.200049       92
  4.000061  -2.399980       97
  4.000088  -1.599990       97
  3.999967  -0.799994      105
  4.000096   0.000073      105
  3.999924   0.799928      118
  3.999985   1.600026      115
  3.999980   2.400047      125
  4.000016   3.199979      125
  4.000047   4.000041      133
  4.000094   4.800054      133
  4.000075   5.599938      123
  4.000059   6.400049      136
  4.000069   7.199979      136
  4.000051   7.999944      136
  3.999961   8.800057      146
  4.000057   9.599981      146
  3.999922  10.399966      146
  3.999964  11.199963      146
  4.000013  12.000078      157
  3.999920  12.800063      157
  4.000001  13.600020      157
  4.000096  14.399991      157
  3.999922  15.200029      157
  3.999935  16.000029      157
  3.999944  16.800015      162
  3.999964  17.599996      162
  3.999985  18.399903      162
  3.999965  19.199950      162
  3.999998  19.999990      162
  3.999964  20.799937      162
  3.999957  21.600064      162
  4.800010 -22.399946       96
  4.800005 -21.600014       96
  4.800046 -20.800092       96
  4.800034 -20.000069       96
  4.799907 -19.200051       96
  4.800040 -18.399997       96
  4.800055 -17.599915       96
  4.800050 -16.800096       96
  4.799937 -16.000034       96
  4.800072 -15.199939       96
  4.800020 -14.399939      102
  4.799907 -13.599934      102
  4.799932 -12.799989      102
  4.800093 -12.000054      102
  4.800083 -11.200096       90
  4.800067 -10.400040       90
  4.799986  -9.600099       90
  4.800063  -8.799920       71
  4.800046  -7.999915       71
  4.800095  -7.200087       71
  4.799905  -6.400081       72
  4.799946  -5.600076       72
  4.799959  -4.799934       98
  4.800012  -3.999975       92
  4.799988  -3.199905       92
  4.799933  -2.399931       97
  4.799900  -1.599949      108
  4.800035  -0.799907      108
  4.799961   0.000031      121
  4.800066   0.799933      118
  4.799913   1.600086      126
  4.799992   2.399968      125
  4.800078   3.199956      125
  4.800066   4.000051      133
  4.799971   4.800082      133
  4.799909   5.599975      133
  4.800015   6.399907      136
  4.799992   7.199991      136
  4.800019   8.000000      136
  4.800037   8.799907      146
  4.800089   9.599905      146
  4.799927  10.399997      146
  4.800026  11.200066      146
  4.799904  11.999968      157
  4.800058  12.800048      157
  4.800044  13.599989      157
  4.799918  14.399902      157
  4.799979  15.200095      157
  4.800010  16.000036      157
  4.800085  16.799946      164
  4.800030  17.599964      164
  4.799962  18.399978      164
  4.800022  19.199997      164
  4.799904  19.999905      164
  4.800083  20.800028      164
  4.800049  21.600097      164
  5.600095 -22.399924       96
  5.599945 -21.600050       96
  5.599946 -20.800092       96
  5.600026 -20.000006       96
  5.599999 -19.200007       96
  5.600073 -18.399967       96
  5.599983 -17.600075       96
  5.600084 -16.799958       96
  5.599986 -16.000065       96
  5.599977 -15.199941       96
  5.600010 -14.400005      102
  5.599994 -13.600030      102
  5.599987 -12.799921      102
  5.600063 -12.000041      102
  5.599986 -11.200015       90
  5.600082 -10.399977       90
  5.599967  -9.599970       90
  5.600069  -8.799986       71
  5.599909  -8.000033       71
  5.600057  -7.200045      103
  5.599914  -6.400057      103
  5.600090  -5.599995       98
  5.600098  -4.800020       98
  5.599969  -4.000071       98
  5.599919  -3.200089      117
  5.600047  -2.400029      117
  5.600040  -1.599973      108
  5.599996  -0.799965      108
  5.600097  -0.000083      121
  5.599990   0.800060      121
  5.599905   1.600001      126
  5.600063   2.400087      126
  5.599934   3.200033      137
  5.599906   4.000044      133
  5.600047   4.800075      133
  5.600011   5.599911      133
  5.600057   6.400034      148
  5.599934   7.200017      148
  5.599978   7.999992      148
  5.600025   8.800064      148
  5.599932   9.600026      146
  5.600002  10.399933      146
  5.599962  11.199974      154
  5.600071  12.000049      154
  5.599963  12.800044      154
  5.599952  13.600057      157
  5.599902  14.399949      157
  5.600055  15.199929      157
  5.599958  15.999954      164
  5.600014  16.800047      164
  5.599939  17.600009      164
  5.599956  18.399902      164
  5.600074  19.199997      164
  5.599961  20.000063      164
  5.600094  20.800095      164
  5.599902  21.599934      164
  6.400057 -22.400071       96
  6.399972 -21.599950       96
  6.399973 -20.799903       96
  6.399935 -19.999948       96
  6.399963 -19.200085       96
  6.400067 -18.399913       96
  6.399905 -17.599983       96
  6.399965 -16.800057       96
  6.399917 -15.999951       96
  6.400025 -15.200084       96
  6.399951 -14.400097      102
  6.399984 -13.599950      102
  6.400083 -12.799925      102
  6.399920 -11.999932      102
  6.400053 -11.199989      102
  6.400064 -10.400074      104
  6.400087  -9.599941      104
  6.400031  -8.799987      104
  6.399955  -7.999917      103
  6.399926  -7.200096      103
  6.399979  -6.399922      103
  6.399906  -5.600079       98
  6.400052  -4.799996       98
  6.399948  -3.999963      117
  6.400012  -3.200083      117
  6.399923  -2.399916      117
  6.399990  -1.600057      122
  6.400087  -0.800054      122
  6.400097  -0.000080      132
  6.399919   0.800077      132
  6.399936   1.599972      126
  6.400087   2.400007      137
  6.399931   3.200000      137
  6.400003   4.000076      137
  6.399989   4.800033      133
  6.400041   5.600001      133
  6.399949   6.400015      148
  6.400009   7.199983      148
  6.400040   8.000090      148
  6.400039   8.800083      148
  6.400043   9.600094      148
  6.400075  10.400039      154
  6.400067  11.200097      154
  6.400023  11.999947      154
  6.399964  12.799913      154
  6.400064  13.599928      154
  6.400073  14.399922      154
  6.399954  15.199909      164
  6.399952  15.999936      164
  6.400075  16.800081      164
  6.400028  17.599901      164
  6.399947  18.399953      164
  6.400005  19.200011      164
  6.399946  19.999988      164
  6.400084  20.800034      164
  6.400024  21.599987      164
  7.200004 -22.400091       96
  7.200078 -21.600070       96
  7.200036 -20.799906       96
  7.199914 -20.000023       96
  7.199930 -19.200066       96
  7.199959 -18.399919       96
  7.200055 -17.599973       96
  7.200005 -16.799903       96
  7.200090 -15.999927       96
  7.200005 -15.200059       96
  7.199999 -14.399902      102
  7.199994 -13.600021      102
  7.200039 -12.799908      102
  7.200054 -11.999958      102
  7.199936 -11.199968      102
  7.199920 -10.400034      104
  7.200058  -9.599988      104
  7.200040  -8.800012      104
  7.200099  -8.000009      103
  7.199985  -7.199921      103
  7.199967  -6.399966      103
  7.199940  -5.599939      128
  7.200100  -4.800055      128
  7.200004  -3.999959      128
  7.199946  -3.200021      117
  7.199925  -2.400004      129
  7.200031  -1.599920      122
  7.200017  -0.799939      122
  7.199901  -0.000097      132
  7.200082   0.799938      132
  7.200082   1.599982      132
  7.199968   2.399982      137
  7.199926   3.200085      137
  7.199981   3.999931      137
  7.200042   4.799941      145
  7.199994   5.599953      145
  7.200092   6.400069      148
  7.199946   7.199942      148
  7.199916   8.000090      148
  7.200047   8.799981      148
  7.199901   9.600079      154
  7.199918  10.399977      154
  7.199953  11.199933      154
  7.199900  11.999916      154
  7.200089  12.800020      154
  7.200029  13.599951      154
  7.199932  14.400052      154
  7.199971  15.199999      164
  7.200083  15.999910      164
  7.200007  16.799968      164
  7.199956  17.599909      164
  7.200017  18.399919      164
  7.199992  19.200077      164
  7.199973  20.000064      164
  7.200005  20.799929      164
  7.200097  21.599974      164
  8.000056 -20.799939       96
  7.999918 -19.999902       96
  7.999901 -19.199980       96
  8.000028 -18.399989       96
  8.000005 -17.600074       96
  7.999954 -16.800094       96
  7.999934 -16.000049       96
  8.000048 -15.199956      144
  7.999939 -14.399968      102
  7.999907 -13.599930      102
  7.999923 -12.800060      102
  7.999900 -11.999984      142
  7.999965 -11.200063      142
  8.000082 -10.399980      104
  8.000010  -9.599920      104
  8.000022  -8.800079      104
  8.000037  -8.000046      104
  7.999913  -7.200089      103
  8.000030  -6.400055      103
  7.999944  -5.600054      128
  8.000012  -4.800057      128
  8.000022  -4.000012      128
  8.000065  -3.199915      129
  7.999915  -2.400094      129
  8.000076  -1.600067      129
  7.999930  -0.800025      132
  7.999951   0.000047      132
  8.000045   0.800003      132
  8.000037   1.599948      140
  7.999918   2.400075      140
  7.999978   3.199985      140
  7.999944   3.999903      145
  8.000085   4.799913      145
  8.000099   5.600021      145
  8.000091   6.400082      145
  8.000057   7.199997      148
  7.999997   7.999919      148
  8.000084   8.799974      148
  8.000020   9.599953      154
  8.000043  10.399907      154
  7.999945  11.199963      154
  7.999918  12.000005      154
  7.999914  12.799985      154
  7.999994  13.600021      154
  8.000005  14.400083      154
  7.999963  15.199951      164
  7.999960  16.000004      164
  8.000095  16.799941      164
  8.000026  17.600013      164
  7.999991  18.400047      164
  8.000051  19.199973      164
  8.000066  19.999977      164
  8.000071  20.800063      164
  7.999956  21.600064      164
  8.800057 -17.599991      144
  8.799913 -16.799953      144
  8.800076 -15.999983      144
  8.799994 -15.199949      144
  8.799984 -14.400041      144
  8.799970 -13.600034      142
  8.800070 -12.800028      142
  8.800019 -12.000000      142
  8.799955 -11.199913      142
  8.799988 -10.399950      142
  8.800007  -9.600069      104
  8.800029  -8.799965      104
  8.799961  -8.000065      135
  8.799908  -7.200049      135
  8.799973  -6.400063      135
  8.799922  -5.600086      128
  8.799906  -4.799996      128
  8.799948  -4.000007      128
  8.799961  -3.200029      129
  8.799906  -2.399987      129
  8.799926  -1.599968      129
  8.800097  -0.800051      139
  8.800061   0.000007      139
  8.799911   0.799939      140
  8.799968   1.600074      140
  8.799994   2.400049      140
  8.800035   3.200043      140
  8.799982   4.000070      145
  8.799917   4.799937      145
  8.800014   5.600036      145
  8.800082   6.400076      145
  8.800079   7.200058      145
  8.800074   8.000011      155
  8.800020   8.800044      155
  8.799992   9.599993      155
  8.800080  10.399958      154
  8.800097  11.200099      154
  8.800086  11.999992      154
  8.800095  12.799998      154
  8.800014  13.600068      154
  8.799988  14.400067      154
  8.800038  15.200004      164
  8.799904  16.000095      164
  8.800071  16.800022      164
  8.800089  17.600080      164
  8.799989  18.399923      164
  8.799933  19.200031      164
  8.799993  20.000012      164
  8.799968  20.800069      164
  9.599920 -18.399906      144
  9.599906 -17.600041      144
  9.599913 -16.799968      144
  9.600071 -16.000047      144
  9.599956 -15.200022      144
  9.600024 -14.400090      144
  9.599954 -13.600090      142
  9.599903 -12.800083      142
  9.600046 -11.999902      142
  9.599974 -11.199990      142
  9.600091 -10.399946      142
  9.600025  -9.599948      135
  9.600029  -8.800076      135
  9.599966  -8.000042      135
  9.600023  -7.200012      135
  9.600091  -6.399948      135
  9.600036  -5.599956      135
  9.599930  -4.800054      128
  9.599922  -4.000031      128
  9.599970  -3.200031      129
  9.600022  -2.399954      129
  9.600100  -1.599925      139
  9.600041  -0.799918      139
  9.600096  -0.000045      139
  9.599985   0.799926      139
  9.600076   1.599941      140
  9.599925   2.399936      140
  9.599959   3.199971      140
  9.600025   3.999927      145
  9.599957   4.800009      145
  9.599952   5.599935      145
  9.599973   6.399969      145
  9.600008   7.199964      155
  9.600061   7.999943      155
  9.599941   8.800004      155
  9.599946   9.599931      155
  9.599994  10.399952      155
  9.599913  11.199999      154
  9.599982  11.999933      154
  9.599935  12.799917      154
  9.599986  13.600032      154
  9.600094  14.400006      165
  9.599917  15.200043      165
  9.600021  16.000080      164
  9.600019  16.799963      164
  9.599982  17.599993      164
  9.600039  18.399907      164
  9.600064  19.199978      164
  9.599936  20.000004      164
  9.600070  20.799903      164
 10.399984 -19.199930      144
 10.399961 -18.399918      144
 10.400000 -17.599965      144
 10.400018 -16.799955      144
 10.399937 -16.000030      144
 10.399947 -15.200054      144
 10.399942 -14.399928      144
 10.399910 -13.600078      144
 10.400038 -12.800001      142
 10.399919 -11.999997      142
 10.399907 -11.200093      142
 10.400000 -10.399959      142
 10.400050  -9.599909      135
 10.399962  -8.799926      135
 10.399992  -8.000054      135
 10.400054  -7.199972      135
 10.400052  -6.399969      135
 10.399945  -5.600087      135
 10.400057  -4.800086      143
 10.399995  -3.999957      143
 10.400039  -3.199981      143
 10.399923  -2.399982      143
 10.399993  -1.600010      139
 10.399978  -0.800067      139
 10.399915  -0.000005      139
 10.400003   0.799993      139
 10.400087   1.599983      140
 10.400059   2.400093      140
 10.400013   3.200076      140
 10.400049   3.999932      150
 10.400011   4.800016      145
 10.400039   5.599956      145
 10.399919   6.399975      155
 10.400016   7.200089      155
 10.399956   7.999922      155
 10.399903   8.799965      155
 10.400064   9.599912      155
 10.400045  10.399918      155
 10.400006  11.199958      155
 10.400033  12.000030      154
 10.399964  12.800098      154
 10.400100  13.599954      165
 10.399916  14.400003      165
 10.399979  15.199931      165
 10.400022  15.999966      165
 10.399916  16.799950      165
 10.399960  17.600033      165
 10.400010  18.400017      164
 10.400075  19.200099      164
 10.400022  19.999954      164
 10.399938  20.800046      164
 11.200086 -19.999963      144
 11.200083 -19.199944      144
 11.199941 -18.400080      144
 11.199973 -17.599961      144
 11.199919 -16.799901      144
 11.199949 -15.999970      144
 11.200076 -15.200075      144
 11.200081 -14.400064      144
 11.199996 -13.600014      144
 11.200067 -12.799961      142
 11.199900 -12.000070      142
 11.200029 -11.199938      142
 11.199968 -10.400071      142
 11.199908  -9.599912      135
 11.200079  -8.800059      135
 11.199943  -7.999943      135
 11.199992  -7.200056      135
 11.199987  -6.399949      135
 11.199994  -5.600054      135
 11.200061  -4.799971      143
 11.200038  -3.999932      143
 11.199988  -3.199961      143
 11.199912  -2.400044      143
 11.200057  -1.600013      139
 11.199917  -0.799966      139
 11.200043  -0.000045      139
 11.200034   0.800009      139
 11.200047   1.600096      150
 11.200000   2.399988      150
 11.200028   3.200073      150
 11.200020   3.999949      150
 11.200026   4.799928      150
 11.199918   5.600071      150
 11.199925   6.400047      155
 11.199989   7.200020      155
 11.199915   8.000067      155
 11.200079   8.800036      155
 11.199953   9.599989      155
 11.200045  10.400089      155
 11.200050  11.200043      155
 11.200060  12.000071      155
 11.199911  12.799969      165
 11.199945  13.599978      165
 11.199920  14.399982      165
 11.199921  15.199991      165
 11.199998  16.000026      165
 11.199905  16.800086      165
 11.200041  17.599970      165
 11.200014  18.400012      165
 11.200030  19.200090      165
 11.200087  19.999908      165
 12.000085 -19.999933      144
 11.999985 -19.199919      144
 12.000096 -18.400035      144
 12.000081 -17.599981      144
 11.999922 -16.799912      144
 12.000025 -16.000031      144
 12.000010 -15.200058      144
 11.999963 -14.400056      144
 11.999909 -13.599966      144
 12.000002 -12.800058      149
 11.999982 -11.999931      149
 11.999916 -11.199971      149
 11.999931 -10.400097      149
 11.999994  -9.599939      135
 11.999909  -8.800052      135
 11.999940  -7.999939      135
 12.000092  -7.200099      135
 11.999978  -6.399997      135
 12.000005  -5.600027      143
 11.999994  -4.799974      143
 12.000040  -4.000022      143
 12.000025  -3.200001      143
 11.999920  -2.400030      143
 12.000035  -1.600034      143
 12.000086  -0.799972      139
 11.999918  -0.000051      139
 11.999969   0.800024      150
 12.000007   1.600016      150
 11.999922   2.399980      150
 12.000022   3.200099      150
 12.000083   4.000084      150
 11.999955   4.799918      150
 12.000017   5.599956      150
 12.000074   6.399969      155
 11.999999   7.200014      155
 12.000001   8.000068      155
 12.000023   8.800096      155
 11.999924   9.599943      155
 11.999901  10.400025      155
 12.000030  11.199956      155
 11.999931  11.999992      155
 11.999945  12.799987      165
 12.000002  13.599973      165
 11.999903  14.400011      165
 11.999966  15.200087      165
 12.000001  16.000050      165
 12.000025  16.800059      165
 12.000063  17.600029      165
 11.999951  18.400039      165
 12.000088  19.199967      165
 11.999983  20.000074      165
 12.000053  20.800034      165
 12.799964 -20.000000      144
 12.800086 -19.199922      144
 12.799929 -18.399958      144
 12.799906 -17.600076      144
 12.800032 -16.800087      144
 12.800085 -15.999987      144
 12.799915 -15.200075      144
 12.800064 -14.399961      144
 12.799905 -13.600018      144
 12.799972 -12.800040      149
 12.799946 -12.000011      149
 12.799942 -11.200063      149
 12.800071 -10.399976      149
 12.800000  -9.600056      149
 12.799934  -8.799974      135
 12.800013  -7.999947      135
 12.799968  -7.200010      135
 12.800080  -6.399928      135
 12.800005  -5.599949      143
 12.799986  -4.799926      143
 12.800063  -3.999985      143
 12.800032  -3.200051      143
 12.800099  -2.400075      143
 12.799975  -1.599953      143
 12.799920  -0.800090      151
 12.799928   0.000020      151
 12.799924   0.799976      150
 12.799904   1.600009      150
 12.800009   2.399926      150
 12.800052   3.199914      150
 12.799907   4.000085      150
 12.800054   4.800084      150
 12.800052   5.599927      150
 12.799915   6.400037      155
 12.800095   7.199988      155
 12.800041   7.999921      155
 12.799919   8.800038      155
 12.799962   9.600078      155
 12.799962  10.400082      155
 12.799921  11.199937      155
 12.800009  11.999933      165
 12.800049  12.800074      165
 12.800044  13.599972      165
 12.800003  14.399986      165
 12.800051  15.200093      165
 12.799987  15.999991      165
 12.800035  16.799929      165
 12.799905  17.599915      165
 12.800097  18.399985      165
 12.800013  19.199954      165
 12.799937  19.999946      165
 12.799955  20.800068      165
 13.599944 -19.999951      144
 13.599981 -19.200006      144
 13.599937 -18.399993      144
 13.599993 -17.600042      144
 13.599928 -16.800007      144
 13.599939 -15.999905      144
 13.600038 -15.200034      144
 13.600088 -14.399984      144
 13.599991 -13.599998      149
 13.600061 -12.800080      149
 13.600000 -12.000096      149
 13.599926 -11.199948      149
 13.600002 -10.400089      149
 13.600047  -9.599948      149
 13.600012  -8.800044      149
 13.600074  -7.999938      152
 13.599905  -7.200057      152
 13.600014  -6.400023      152
 13.600065  -5.599984      152
 13.599915  -4.799950      143
 13.599902  -4.000041      143
 13.600053  -3.199969      143
 13.600038  -2.399956      143
 13.599911  -1.599921      151
 13.600055  -0.799991      151
 13.599949   0.000039      151
 13.600034   0.800065      150
 13.600043   1.600087      150
 13.600071   2.399983      150
 13.600078   3.199994      150
 13.599928   4.000058      150
 13.599937   4.800031      150
 13.599994   5.599919      150
 13.599976   6.400046      150
 13.599935   7.200037      155
 13.599928   7.999993      155
 13.600079   8.799968      155
 13.600000   9.599942      155
 13.600094  10.400083      155
 13.599969  11.200085      155
 13.599925  12.000038      165
 13.599940  12.799959      165
 13.600002  13.600038      165
 13.600060  14.399991      165
 13.600086  15.199931      165
 13.599976  15.999921      165
 13.600033  16.800017      165
 13.599918  17.600059      165
 13.599902  18.400024      165
 13.600079  19.200056      165
 13.600096  20.000059      165
 13.600046  20.799975      165
 14.400064 -20.000099      144
 14.399931 -19.200000      144
 14.400003 -18.399982      144
 14.399931 -17.599937      144
 14.400081 -16.800095      144
 14.399908 -16.000100      144
 14.400008 -15.199955      144
 14.399994 -14.399915      144
 14.400025 -13.600070      149
 14.400006 -12.799970      149
 14.400087 -11.999993      149
 14.400072 -11.200080      149
 14.399902 -10.400055      149
 14.400050  -9.600017      149
 14.399931  -8.799990      152
 14.399960  -8.000082      152
 14.399953  -7.199998      152
 14.400088  -6.399954      152
 14.400046  -5.600061      152
 14.400053  -4.799978      152
 14.399975  -3.999955      143
 14.400061  -3.200051      143
 14.400053  -2.399988      151
 14.399920  -1.600004      151
 14.400045  -0.800044      151
 14.399928   0.000078      151
 14.399984   0.800028      151
 14.399927   1.599944      150
 14.399908   2.400002      150
 14.399999   3.200077      150
 14.399971   3.999932      150
 14.399991   4.799928      150
 14.400069   5.600025      150
 14.400015   6.399988      166
 14.400030   7.199907      166
 14.399918   8.000083      166
 14.400069   8.800013      166
 14.400007   9.599933      155
 14.399987  10.400032      155
 14.400089  11.199953      155
 14.399944  12.000039      165
 14.400073  12.800018      165
 14.400066  13.599932      165
 14.399971  14.400070      165
 14.400082  15.200074      165
 14.400001  15.999934      165
 14.400003  16.800075      165
 14.399947  17.599970      165
 14.399930  18.399941      165
 14.399989  19.199964      165
 14.399930  20.000048      165
 14.400023  20.800014      165
 15.200099 -20.000099      169
 15.199953 -19.200094      169
 15.200018 -18.400047      169
 15.200056 -17.599968      169
 15.200044 -16.799900      169
 15.200079 -16.000003      169
 15.199934 -15.199975      169
 15.199964 -14.400007      169
 15.199945 -13.599969      149
 15.199996 -12.799986      149
 15.200064 -11.999918      149
 15.200067 -11.200087      149
 15.199946 -10.399930      149
 15.200078  -9.600089      149
 15.199967  -8.799903      152
 15.199912  -7.999969      152
 15.200095  -7.199905      152
 15.200051  -6.399966      152
 15.200011  -5.599912      152
 15.199969  -4.800015      152
 15.199999  -4.000032      152
 15.200089  -3.200053      151
 15.200033  -2.400040      151
 15.200017  -1.600097      151
 15.200050  -0.799945      151
 15.200008  -0.000012      151
 15.199987   0.800062      151
 15.200048   1.600006      151
 15.199984   2.400045      150
 15.199951   3.199919      150
 15.199919   3.999941      150
 15.199939   4.799944      150
 15.199907   5.600094      166
 15.200083   6.399940      166
 15.199919   7.200006      166
 15.200022   7.999954      166
 15.200095   8.799918      166
 15.199998   9.600002      166
 15.199948  10.400029      166
 15.199973  11.199991      166
 15.199951  11.999923      165
 15.199972  12.800032      165
 15.200012  13.600045      165
 15.199930  14.400063      165
 15.200089  15.200095      165
 15.200035  15.999911      165
 15.200012  16.799957      165
 15.199954  17.600013      165
 15.199982  18.400048      165
 15.199922  19.199940      165
 15.199911  19.999975      165
 15.199991  20.800029      165
 15.999978 -19.999971      169
 16.000036 -19.200070      169
 15.999910 -18.400006      169
 16.000061 -17.600044      169
 16.000037 -16.799907      169
 15.999957 -15.999965      169
 15.999973 -15.199997      169
 16.000082 -14.400069      169
 16.000021 -13.600009      149
 16.000048 -12.799998      149
 15.999911 -11.999922      149
 15.999917 -11.200068      149
 15.999928 -10.399951      149
 15.999983  -9.600056      149
 16.000067  -8.800063      152
 16.000035  -8.000028      152
 15.999921  -7.199914      152
 16.000023  -6.399921      152
 15.999902  -5.599925      152
 16.000059  -4.799908      152
 15.999962  -4.000095      152
 16.000038  -3.199944      151
 16.000065  -2.399970      151
 15.999934  -1.600017      151
 16.000073  -0.799934      151
 15.999969   0.000037      151
 16.000019   0.800065      151
 16.000028   1.600096      151
 15.999980   2.399902      151
 15.999957   3.200032      150
 16.000021   4.000089      150
 16.000070   4.800031      166
 16.000099   5.600023      166
 16.000058   6.399914      166
 15.999975   7.199925      166
 15.999958   7.999970      166
 15.999984   8.800070      166
 16.000049   9.600022      166
 16.000056  10.399953      166
 15.999979  11.200082      166
 16.000020  12.000012      165
 15.999993  12.800090      165
 15.999937  13.600095      165
 16.000051  14.399903      165
 16.000061  15.199942      165
 15.999911  15.999980      165
 15.999982  16.800042      165
 16.000087  17.599928      165
 15.999915  18.399908      165
 15.999974  19.199982      165
 16.000003  20.000025      165
 15.999940  20.799903      165
 16.799932 -20.000047      169
 16.800004 -19.199903      169
 16.800060 -18.400013      169
 16.800049 -17.600050      169
 16.800037 -16.799904      169
 16.799947 -15.999924      169
 16.800077 -15.200075      169
 16.799923 -14.400035      169
 16.800035 -13.599970      169
 16.800009 -12.799978      149
 16.800045 -11.999932      149
 16.799944 -11.199953      149
 16.799994 -10.399935      149
 16.800051  -9.600000      152
 16.799978  -8.800078      152
 16.799926  -8.000035      152
 16.800084  -7.200013      152
 16.799989  -6.400043      152
 16.799911  -5.599926      152
 16.799979  -4.799932      152
 16.799934  -4.000026      152
 16.800084  -3.199956      151
 16.800078  -2.399921      151
 16.800092  -1.599994      151
 16.799962  -0.800073      151
 16.799906   0.000081      151
 16.799905   0.799914      151
 16.799992   1.599954      151
 16.800059   2.399932      151
 16.799980   3.200020      151
 16.799972   4.000060      166
 16.799920   4.800061      166
 16.799928   5.599920      166
 16.799982   6.399970      166
 16.799965   7.200087      166
 16.799972   8.000067      166
 16.800040   8.800086      166
 16.800050   9.599976      166
 16.800011  10.400038      166
 16.800071  11.200066      166
 16.799983  12.000081      171
 16.799929  12.800003      171
 16.800050  13.599995      165
 16.800047  14.399965      165
 16.799918  15.199957      165
 16.799933  16.000088      165
 16.800007  16.799937      165
 16.800033  17.600021      165
 16.800052  18.399953      165
 16.800014  19.200033      165
 16.800083  20.000005      165
 16.800033  20.800056      165
 17.599941 -20.000092      169
 17.600042 -19.199911      169
 17.600016 -18.399968      169
 17.600045 -17.600016      169
 17.599996 -16.800058      169
 17.599997 -16.000084      169
 17.600026 -15.199903      169
 17.599951 -14.399937      169
 17.600026 -13.599996      169
 17.599933 -12.800092      169
 17.599974 -11.999911      168
 17.599992 -11.200081      168
 17.599910 -10.399927      168
 17.600061  -9.600092      168
 17.600018  -8.800092      152
 17.599900  -8.000066      152
 17.599986  -7.200076      152
 17.600054  -6.400035      152
 17.599999  -5.599941      152
 17.599905  -4.799976      152
 17.599990  -3.999954      152
 17.599998  -3.200088      151
 17.599950  -2.399912      151
 17.600100  -1.600100      151
 17.599993  -0.799956      151
 17.600029   0.000056      151
 17.599922   0.800006      151
 17.599975   1.599959      151
 17.600033   2.399934      151
 17.599935   3.200097      151
 17.600083   3.999983      166
 17.600035   4.799914      166
 17.600009   5.600007      166
 17.599922   6.400060      166
 17.600098   7.200095      166
 17.600081   7.999989      166
 17.600056   8.800002      166
 17.599981   9.600066      166
 17.599902  10.400021      166
 17.600096  11.199923      166
 17.599935  12.000023      171
 17.600023  12.800007      171
 17.599961  13.599929      171
 17.599961  14.399971      171
 17.600055  15.200068      171
 17.600029  16.000035      165
 17.599901  16.800052      165
 17.600022  17.600009      165
 17.600042  18.400050      165
 17.600009  19.199980      165
 17.600018  20.000046      165
 18.399935 -20.000042      169
 18.399941 -19.200011      169
 18.400069 -18.399958      169
 18.399985 -17.599924      169
 18.399996 -16.799929      169
 18.399909 -15.999980      169
 18.399963 -15.200026      169
 18.399948 -14.400010      169
 18.400094 -13.600095      169
 18.399963 -12.800019      169
 18.400039 -11.999951      168
 18.400060 -11.200097      168
 18.399968 -10.399960      168
 18.400036  -9.599954      168
 18.400031  -8.799920      168
 18.399946  -7.999952      152
 18.399949  -7.199971      152
 18.400087  -6.400048      152
 18.399974  -5.599981      152
 18.399958  -4.799963      152
 18.400030  -3.999979      167
 18.400024  -3.199951      151
 18.400040  -2.400080      151
 18.400004  -1.599983      151
 18.400099  -0.799901      151
 18.400049  -0.000006      151
 18.399942   0.799981      151
 18.399943   1.599909      151
 18.399943   2.400005      151
 18.399948   3.200095      170
 18.399949   4.000094      170
 18.399922   4.800059      166
 18.400023   5.600036      166
 18.399961   6.399918      166
 18.399904   7.200097      166
 18.400026   7.999943      166
 18.400069   8.799983      166
 18.400097   9.600046      166
 18.399919  10.399945      166
 18.400077  11.199962      171
 18.399955  12.000095      171
 18.400026  12.799936      171
 18.400071  13.600020      171
 18.400088  14.400033      171
 18.399932  15.200079      171
 18.399931  16.000041      171
 18.399986  16.800066      171
 18.400060  17.600020      171
 18.400090  18.399960      171
 18.400067  19.199994      171
 18.400014  19.999976      171
 19.200092 -20.000011      169
 19.199920 -19.200045      169
 19.199957 -18.400006      169
 19.199974 -17.599932      169
 19.199973 -16.800050      169
 19.199946 -15.999996      169
 19.200002 -15.199944      169
 19.200092 -14.399958      169
 19.199961 -13.600002      169
 19.199904 -12.799950      168
 19.200099 -12.000017      168
 19.200060 -11.199956      168
 19.200059 -10.399954      168
 19.200084  -9.599920      168
 19.199980  -8.799945      168
 19.200058  -7.999956      168
 19.200006  -7.199929      152
 19.200092  -6.399967      167
 19.200065  -5.600080      167
 19.200026  -4.799973      167
 19.200034  -4.000060      167
 19.199935  -3.200067      167
 19.200036  -2.400083      151
 19.200057  -1.599938      151
 19.199928  -0.800019      151
 19.199965  -0.000045      151
 19.200039   0.799965      151
 19.199969   1.599959      170
 19.200033   2.400075      170
 19.200045   3.200047      170
 19.200008   3.999963      170
 19.199947   4.800035      170
 19.199924   5.600089      166
 19.200093   6.399905      166
 19.200099   7.200001      166
 19.200068   7.999904      166
 19.200055   8.799913      166
 19.199902   9.599994      166
 19.199998  10.399936      166
 19.200040  11.199958      171
 19.199905  12.000094      171
 19.200002  12.799963      171
 19.200087  13.600097      171
 19.200084  14.400025      171
 19.199968  15.199920      171
 19.199916  16.000066      171
 19.200069  16.800080      171
 19.199942  17.599924      171
 19.200092  18.400026      171
 19.199940  19.199992      171
 19.199999  20.000018      171
 20.000006 -20.799930      169
 20.000040 -20.000000      169
 20.000030 -19.200037      169
 20.000034 -18.400021      169
 19.999910 -17.600055      169
 19.999945 -16.800097      169
 20.000097 -15.999996      169
 19.999933 -15.200060      169
 20.000036 -14.399910      169
 20.000079 -13.600097      169
 20.000038 -12.800087      168
 20.000096 -11.999957      168
 20.000049 -11.199908      168
 20.000026 -10.399994      168
 20.000092  -9.599927      168
 19.999903  -8.799992      168
 20.000057  -7.999914      168
 19.999966  -7.199928      167
 19.999919  -6.400008      167
 20.000024  -5.599983      167
 20.000062  -4.800037      167
 20.000053  -4.000022      167
 20.000021  -3.199954      167
 20.000099  -2.399903      167
 19.999961  -1.599931      167
 20.000036  -0.800011      151
 20.000044  -0.000062      170
 19.999965   0.799986      170
 20.000040   1.600040      170
 19.999904   2.399963      170
 19.999930   3.199951      170
 19.999999   4.000079      170
 19.999902   4.800057      170
 20.000029   5.600010      170
 20.000091   6.399942      166
 19.999933   7.199901      166
 19.999913   7.999933      166
 19.999956   8.800004      166
 19.999975   9.600015      166
 19.999907  10.399952      171
 19.999912  11.200025      171
 20.000030  11.999926      171
 19.999972  12.799944      171
 20.000082  13.599968      171
 20.000089  14.400033      171
 20.000002  15.199915      171
 20.000013  16.000032      171
 19.999933  16.800021      171
 19.999956  17.600009      171
 19.999939  18.399944      171
 20.000064  19.200006      171
 20.000086  20.000077      171
 20.799942 -20.799996      169
 20.799902 -19.999905      169
 20.799925 -19.200063      169
 20.799968 -18.400029      169
 20.799966 -17.600047      169
 20.799946 -16.799990      169
 20.799981 -16.000071      169
 20.799941 -15.199949      169
 20.800087 -14.399939      169
 20.799962 -13.599957      169
 20.799983 -12.800055      168
 20.800094 -11.999991      168
 20.800026 -11.199994      168
 20.799939 -10.400061      168
 20.799902  -9.600041      168
 20.799986  -8.800013      168
 20.800084  -7.999953      168
 20.799943  -7.199985      167
 20.800074  -6.399995      167
 20.799947  -5.600043      167
 20.799964  -4.800052      167
 20.800011  -4.000012      167
 20.799985  -3.199909      167
 20.799938  -2.400013      167
 20.799940  -1.599981      167
 20.799994  -0.800036      170
 20.800097  -0.000011      170
 20.799906   0.799943      170
 20.799980   1.599990      170
 20.800004   2.399988      170
 20.800080   3.199982      170
 20.800028   3.999976      170
 20.799945   4.799971      170
 20.800026   5.600090      170
 20.800096   6.399977      170
 20.799961   7.200056      166
 20.799976   7.999922      166
 20.799945   8.799996      166
 20.800066   9.599984      171
 20.800025  10.400072      171
 20.799910  11.200020      171
 20.800007  11.999930      171
 20.799963  12.800031      171
 20.800047  13.600061      171
 20.800091  14.400031      171
 20.799920  15.200055      171
 20.799953  16.000052      171
 20.800009  16.800041      171
 20.799999  17.599980      171
 20.799924  18.399901      171
 20.799964  19.199919      171
 20.799935  20.000045      171
 21.600001 -20.799939      169
 21.600093 -19.999983      169
 21.600085 -19.199929      169
 21.600037 -18.400009      169
 21.600058 -17.599978      169
 21.599977 -16.800087      169
 21.600005 -16.000069      169
 21.599994 -15.200048      169
 21.599981 -14.400027      169
 21.599925 -13.599976      168
 21.600040 -12.799942      168
 21.599916 -12.000068      168
 21.599995 -11.199980      168
 21.600065 -10.399952      168
 21.599964  -9.600003      168
 21.600078  -8.799905      168
 21.600021  -7.999916      168
 21.599961  -7.199998      167
 21.600024  -6.399940      167
 21.600045  -5.600091      167
 21.600017  -4.799937      167
 21.599957  -3.999994      167
 21.600051  -3.199974      167
 21.599971  -2.400018      167
 21.599998  -1.599963      167
 21.600025  -0.799995      170
 21.599925  -0.000002      170
 21.599901   0.799983      170
 21.599915   1.600059      170
 21.599991   2.399930      170
 21.600023   3.199945      170
 21.600081   4.000067      170
 21.600023   4.799987      170
 21.600056   5.599989      170
 21.600023   6.400095      170
 21.599953   7.199978      170
 21.599987   7.999956      170
 21.599932   8.799970      171
 21.599988   9.600033      171
 21.600019  10.400027      171
 21.600068  11.199993      171
 21.600083  12.000099      171
 21.599984  12.800009      171
 21.599916  13.600087      171
 21.600057  14.400077      171
 21.599906  15.200048      171
 21.600033  16.000091      171
 21.599979  16.799926      171
 21.599953  17.600068      171
 21.600080  18.400087      171
 21.600042  19.200035      171
 21.599939  20.000014      171
 22.400035 -19.999938      169
 22.399904 -19.199913      169
 22.399941 -18.400049      169
 22.400008 -17.600011      169
 22.400074 -16.799947      169
 22.400029 -16.000032      169
 22.399927 -15.199939      169
 22.400051 -14.399901      169
 22.400001 -13.600022      168
 22.400015 -12.800096      168
 22.400070 -12.000061      168
 22.400081 -11.200085      168
 22.400026 -10.400035      168
 22.399982  -9.600008      168
 22.399984  -8.800094      168
 22.400072  -8.000088      168
 22.400024  -7.199909      167
 22.400001  -6.400045      167
 22.399962  -5.600009      167
 22.399992  -4.800052      167
 22.399968  -4.000051      167
 22.399922  -3.199997      167
 22.400048  -2.399945      167
 22.399933  -1.599961      167
 22.400007  -0.800024      170
 22.399945  -0.000056      170
 22.399963   0.799979      170
 22.399913   1.600000      170
 22.399995   2.400075      170
 22.399989   3.200043      170
 22.400082   3.999928      170
 22.400056   4.800004      170
 22.400035   5.599973      170
 22.399920   6.399947      170
 22.399945   7.200042      170
 22.400011   8.000061      170
 22.400073   8.800039      171
 22.399952   9.599931      171
 22.399972  10.400053      171
 22.400089  11.200024      171
 22.400031  12.000084      171
 22.399915  12.799989      171
 22.400062  13.599986      171
 22.400022  14.399901      171
 22.400084  15.200024      171
 22.400092  15.999988      171
 22.400090  16.799991      171
 22.399982  17.599937      171
 22.399930  18.399987      171
 22.399951  19.199950      171
 22.399994  19.999912      171
 23.199949 -20.000029      169
 23.200010 -19.199989      169
 23.199940 -18.400042      169
 23.200023 -17.600031      169
 23.200010 -16.799965      169
 23.199985 -16.000059      169
 23.199971 -15.199986      169
 23.200059 -14.400000      169
 23.199975 -13.599938      168
 23.200020 -12.799947      168
 23.200097 -12.000067      168
 23.199935 -11.199930      168
 23.200063 -10.399906      168
 23.200044  -9.599969      168
 23.199970  -8.799932      168
 23.200048  -7.999990      168
 23.200005  -7.200081      167
 23.200061  -6.400028      167
 23.199965  -5.600090      167
 23.200075  -4.800066      167
 23.199951  -4.000083      167
 23.199934  -3.200086      167
 23.200082  -2.399926      167
 23.200014  -1.599914      167
 23.200083  -0.800008      170
 23.200052  -0.000080      170
 23.199923   0.799919      170
 23.200059   1.600021      170
 23.199965   2.400044      170
 23.200008   3.200093      170
 23.199906   3.999949      170
 23.200084   4.799983      170
 23.199953   5.599932      170
 23.200020   6.400064      170
 23.200086   7.199994      170
 23.199963   7.999993      170
 23.199959   8.799914      171
 23.200061   9.600009      171
 23.199966  10.400032      171
 23.200043  11.200043      171
 23.200047  12.000086      171
 23.199946  12.799922      171
 23.200005  13.600009      171
 23.200093  14.400052      171
 23.199914  15.200066      171
 23.200032  16.000077      171
 23.199926  16.800095      171
 23.199998  17.600077      171
 23.199925  18.399934      171
 23.200034  19.200070      171
 23.200001  19.999985      171
 23.999967 -18.399911      169
 23.999926 -17.600064      169
 23.999982 -16.799940      169
 24.000045 -15.999915      169
 24.000056 -15.200036      169
 24.000043 -14.400067      169
 24.000100 -13.600016      168
 23.999969 -12.800085      168
 24.000035 -11.999926      168
 24.000091 -11.200096      168
 23.999989 -10.400032      168
 23.999923  -9.600059      168
 23.999965  -8.800065      168
 24.000057  -8.000058      167
 23.999985  -7.199944      167
 24.000043  -6.400038      167
 24.000027  -5.599996      167
 23.999991  -4.800042      167
 24.000030  -4.000007      167
 24.000025  -3.200087      167
 24.000037  -2.400002      167
 24.000042  -1.600008      167
 24.000084  -0.800093      170
 23.999931  -0.000066      170
 24.000005   0.800000      170
 23.999967   1.600083      170
 23.999901   2.400049      170
 23.999907   3.200020      170
 24.000001   3.999967      170
 24.000046   4.799956      170
 24.000056   5.600034      170
 24.000042   6.400028      170
 24.000066   7.200098      170
 24.000083   8.000009      170
 23.999967   8.799906      171
 24.000078   9.600021      171
 24.000051  10.400022      171
 24.000030  11.199973      171
 24.000063  11.999918      171
 23.999934  12.799901      171
 23.999981  13.600048      171
 23.999919  14.399905      171
 24.000047  15.199967      171
 23.999980  16.000031      171
 23.999910  16.800006      171
 23.999901  17.600009      171
 24.000066  18.400052      171
 23.999936  19.200040      171
 24.000079  20.000074      171
 24.799942  -8.800040      168
 24.799965  -8.000036      167
 24.799915  -7.199929      167
 24.799983  -6.400025      167
 24.799964  -5.600055      167
 24.799962  -4.800072      167
 24.800040  -3.999904      167
 24.799986  -3.200063      167
 24.799955  -2.399994      167
 24.800054  -1.600037      167
 24.799983  -0.800030      170
 24.799945   0.000018      170
 24.799931   0.799997      170
 24.800071   1.600038      170
 24.799917   2.400017      170
 24.800097   3.199995      170
 24.800031   4.000087      170
 24.800010   4.800053      170
 24.799921   5.599965      170
 24.800057   6.400079      170
 24.800014   7.199919      170
 24.799987   8.000095      170
 24.800092   8.799985      171
 24.799945   9.600031      171
 24.800039  10.399972      171
 24.800055  11.199912      171
 24.799925  12.000015      171
 24.800030  12.799956      171
 24.799944  13.600064      171
 24.799906  14.400019      171
 24.799991  15.200094      171
 24.799986  16.000032      171
 24.799926  16.800047      171
 24.799961  17.600056      171
 24.800021  18.400060      171
 24.799924  19.200013      171
 24.800000  20.000055      171
 25.599973   0.000045      170
 25.600055   0.800071      170
 25.600010   1.600076      170
 25.600024   2.399969      170
 25.599944   3.200029      170
 25.600009   4.000020      170
 25.600050   4.800057      170
 25.600005   5.599978      170
 25.599929   6.400035      170
 25.600081   7.200064      170
 25.599981   7.999903      170
 25.600033   8.800010      171
 25.600053   9.600056      171
 25.600088  10.399978      171
 25.600065  11.199902      171
 25.599982  11.999984      171
 25.599926  12.799973      171
 25.600027  13.600021      171
 25.600072  14.400022      171
 25.599934  15.199907      171
 25.599972  16.000052      171
 25.599912  16.800090      171
 25.599951  17.599962      171
 25.600065  18.399935      171
 25.600048  19.200080      171
 25.600094  19.999967      171
 26.399939   8.800099      171
 26.399985   9.599970      171
 26.399939  10.400036      171
 26.400057  11.199926      171
 26.399970  12.000065      171
 26.400017  12.800034      171
