       91.000000
       102.00000
       114.00000
       128.00000
       140.00000
       159.00000
       177.00000
       194.00000
       216.00000
       234.00000
       260.00000
       284.00000
       318.00000
       366.00000
       414.00000
       460.00000
       506.00000
       550.00000
       600.00000
       650.00000
       695.00000
       745.00000
       795.00000
       845.00000
       895.00000
       945.00000
       995.00000
       1045.0000
       1095.0000
       1145.0000
       1195.0000
       1245.0000
       1295.0000
       1345.0000
       1395.0000
       1442.0000
       1485.0000
       1525.0000
       1575.0000
       1625.0000
       1672.0000
       1715.0000
       1765.0000
       1815.0000
       1865.0000
       1915.0000
       1967.0000
       2015.0000
       2065.0000
       2105.0000
       2155.0000
       2205.0000
       2255.0000
       2305.0000
       2355.0000
       2405.0000
       2455.0000
       2505.0000
       2545.0000
       2595.0000
       2645.0000
       2695.0000
       2745.0000
       2795.0000
       2845.0000
       2895.0000
       2990.0000
       3090.0000
       3190.0000
       3290.0000
       3325.0000
       3330.0000
       3335.0000
       3340.0000
       3345.0000
       3350.0000
       3355.0000
       3360.0000
       3365.0000
       3370.0000
       3375.0000
       3380.0000
       3385.0000
       3390.0000
       3395.0000
       3400.0000
       3405.0000
       3410.0000
       3415.0000
       3420.0000
       3425.0000
       3430.0000
       3435.0000
       3440.0000
       3445.0000
       3450.0000
       3455.0000
       3460.0000
       3465.0000
       3470.0000
       3475.0000
       3480.0000
       3485.0000
       3490.0000
       3495.0000
       3500.0000
       3505.0000
       3510.0000
       3515.0000
       3520.0000
       3525.0000
       3530.0000
       3535.0000
       3540.0000
       3545.0000
       3550.0000
       3555.0000
       3560.0000
       3565.0000
       3570.0000
       3575.0000
       3580.0000
       3585.0000
       3590.0000
       3595.0000
       3600.0000
       3605.0000
       3610.0000
       3615.0000
       3620.0000
       3625.0000
       3630.0000
       3635.0000
       3640.0000
       3645.0000
       3650.0000
       3655.0000
       3660.0000
       3665.0000
       3670.0000
       3675.0000
       3680.0000
       3685.0000
       3690.0000
       3695.0000
       3700.0000
       3705.0000
       3710.0000
       3715.0000
       3720.0000
       3725.0000
       3730.0000
       3735.0000
       3740.0000
       3745.0000
       3750.0000
       3755.0000
       3760.0000
       3765.0000
       3770.0000
       3775.0000
       3780.0000
       3785.0000
       3790.0000
       3795.0000
       3800.0000
       3805.0000
       3810.0000
       3815.0000
       3820.0000
       3825.0000
       3830.0000
       3835.0000
       3840.0000
       3845.0000
       3850.0000
       3855.0000
       3860.0000
       3865.0000
       3870.0000
       3875.0000
       3880.0000
       3885.0000
       3890.0000
       3895.0000
       3900.0000
       3905.0000
       3910.0000
       3915.0000
       3920.0000
       3925.0000
       3930.0000
       3935.0000
       3940.0000
       3945.0000
       3950.0000
       3955.0000
       3960.0000
       3965.0000
       3970.0000
       3975.0000
       3980.0000
       3985.0000
       3990.0000
       3995.0000
       4000.0000
       4005.0000
       4010.0000
       4015.0000
       4020.0000
       4025.0000
       4030.0000
       4035.0000
       4040.0000
       4045.0000
       4050.0000
       4055.0000
       4060.0000
       4065.0000
       4070.0000
       4075.0000
       4080.0000
       4085.0000
       4090.0000
       4095.0000
       4100.0000
       4105.0000
       4110.0000
       4115.0000
       4120.0000
       4125.0000
       4130.0000
       4135.0000
       4140.0000
       4145.0000
       4150.0000
       4155.0000
       4160.0000
       4165.0000
       4170.0000
       4175.0000
       4180.0000
       4185.0000
       4190.0000
       4195.0000
       4200.0000
       4205.0000
       4210.0000
       4215.0000
       4220.0000
       4225.0000
       4230.0000
       4235.0000
       4240.0000
       4245.0000
       4250.0000
       4255.0000
       4260.0000
       4265.0000
       4270.0000
       4275.0000
       4280.0000
       4285.0000
       4290.0000
       4295.0000
       4300.0000
       4305.0000
       4310.0000
       4315.0000
       4320.0000
       4325.0000
       4330.0000
       4335.0000
       4340.0000
       4345.0000
       4350.0000
       4355.0000
       4360.0000
       4365.0000
       4370.0000
       4375.0000
       4380.0000
       4385.0000
       4390.0000
       4395.0000
       4400.0000
       4405.0000
       4410.0000
       4415.0000
       4420.0000
       4425.0000
       4430.0000
       4435.0000
       4440.0000
       4445.0000
       4450.0000
       4455.0000
       4460.0000
       4465.0000
       4470.0000
       4475.0000
       4480.0000
       4485.0000
       4490.0000
       4495.0000
       4500.0000
       4505.0000
       4510.0000
       4515.0000
       4520.0000
       4525.0000
       4530.0000
       4535.0000
       4540.0000
       4545.0000
       4550.0000
       4555.0000
       4560.0000
       4565.0000
       4570.0000
       4575.0000
       4580.0000
       4585.0000
       4590.0000
       4595.0000
       4600.0000
       4605.0000
       4610.0000
       4615.0000
       4620.0000
       4625.0000
       4630.0000
       4635.0000
       4640.0000
       4645.0000
       4650.0000
       4655.0000
       4660.0000
       4665.0000
       4670.0000
       4675.0000
       4680.0000
       4685.0000
       4690.0000
       4695.0000
       4700.0000
       4705.0000
       4710.0000
       4715.0000
       4720.0000
       4725.0000
       4730.0000
       4735.0000
       4740.0000
       4745.0000
       4750.0000
       4755.0000
       4760.0000
       4765.0000
       4770.0000
       4775.0000
       4780.0000
       4785.0000
       4790.0000
       4795.0000
       4800.0000
       4805.0000
       4810.0000
       4815.0000
       4820.0000
       4825.0000
       4830.0000
       4835.0000
       4840.0000
       4845.0000
       4850.0000
       4855.0000
       4860.0000
       4865.0000
       4870.0000
       4875.0000
       4880.0000
       4885.0000
       4890.0000
       4895.0000
       4900.0000
       4905.0000
       4910.0000
       4915.0000
       4920.0000
       4925.0000
       4930.0000
       4935.0000
       4940.0000
       4945.0000
       4950.0000
       4955.0000
       4960.0000
       4965.0000
       4970.0000
       4975.0000
       4980.0000
       4985.0000
       4990.0000
       4995.0000
       5000.0000
       5005.0000
       5010.0000
       5015.0000
       5020.0000
       5025.0000
       5030.0000
       5035.0000
       5040.0000
       5045.0000
       5050.0000
       5055.0000
       5060.0000
       5065.0000
       5070.0000
       5075.0000
       5080.0000
       5085.0000
       5090.0000
       5095.0000
       5100.0000
       5105.0000
       5110.0000
       5115.0000
       5120.0000
       5125.0000
       5130.0000
       5135.0000
       5140.0000
       5145.0000
       5150.0000
       5155.0000
       5160.0000
       5165.0000
       5170.0000
       5175.0000
       5180.0000
       5185.0000
       5190.0000
       5195.0000
       5200.0000
       5205.0000
       5210.0000
       5215.0000
       5220.0000
       5225.0000
       5230.0000
       5235.0000
       5240.0000
       5245.0000
       5250.0000
       5255.0000
       5260.0000
       5265.0000
       5270.0000
       5275.0000
       5280.0000
       5285.0000
       5290.0000
       5295.0000
       5300.0000
       5305.0000
       5310.0000
       5315.0000
       5320.0000
       5325.0000
       5330.0000
       5335.0000
       5340.0000
       5345.0000
       5350.0000
       5355.0000
       5360.0000
       5365.0000
       5370.0000
       5375.0000
       5380.0000
       5385.0000
       5390.0000
       5395.0000
       5400.0000
       5405.0000
       5410.0000
       5415.0000
       5420.0000
       5425.0000
       5430.0000
       5435.0000
       5440.0000
       5445.0000
       5450.0000
       5455.0000
       5460.0000
       5465.0000
       5470.0000
       5475.0000
       5480.0000
       5485.0000
       5490.0000
       5495.0000
       5500.0000
       5505.0000
       5510.0000
       5515.0000
       5520.0000
       5525.0000
       5530.0000
       5535.0000
       5540.0000
       5545.0000
       5550.0000
       5555.0000
       5560.0000
       5565.0000
       5570.0000
       5575.0000
       5580.0000
       5585.0000
       5590.0000
       5595.0000
       5600.0000
       5605.0000
       5610.0000
       5615.0000
       5620.0000
       5625.0000
       5630.0000
       5635.0000
       5640.0000
       5645.0000
       5650.0000
       5655.0000
       5660.0000
       5665.0000
       5670.0000
       5675.0000
       5680.0000
       5685.0000
       5690.0000
       5695.0000
       5700.0000
       5705.0000
       5710.0000
       5715.0000
       5720.0000
       5725.0000
       5730.0000
       5735.0000
       5740.0000
       5745.0000
       5750.0000
       5755.0000
       5760.0000
       5765.0000
       5770.0000
       5775.0000
       5780.0000
       5785.0000
       5790.0000
       5795.0000
       5800.0000
       5805.0000
       5810.0000
       5815.0000
       5820.0000
       5825.0000
       5830.0000
       5835.0000
       5840.0000
       5845.0000
       5850.0000
       5855.0000
       5860.0000
       5865.0000
       5870.0000
       5875.0000
       5880.0000
       5885.0000
       5890.0000
       5895.0000
       5900.0000
       5905.0000
       5910.0000
       5915.0000
       5920.0000
       5925.0000
       5930.0000
       5935.0000
       5940.0000
       5945.0000
       5950.0000
       5955.0000
       5960.0000
       5965.0000
       5970.0000
       5975.0000
       5980.0000
       5985.0000
       5990.0000
       5995.0000
       6000.0000
       6005.0000
       6010.0000
       6015.0000
       6020.0000
       6025.0000
       6030.0000
       6035.0000
       6040.0000
       6045.0000
       6050.0000
       6055.0000
       6060.0000
       6065.0000
       6070.0000
       6075.0000
       6080.0000
       6085.0000
       6090.0000
       6095.0000
       6100.0000
       6105.0000
       6110.0000
       6115.0000
       6120.0000
       6125.0000
       6130.0000
       6135.0000
       6140.0000
       6145.0000
       6150.0000
       6155.0000
       6160.0000
       6165.0000
       6170.0000
       6175.0000
       6180.0000
       6185.0000
       6190.0000
       6195.0000
       6200.0000
       6205.0000
       6210.0000
       6215.0000
       6220.0000
       6225.0000
       6230.0000
       6235.0000
       6240.0000
       6245.0000
       6250.0000
       6255.0000
       6260.0000
       6265.0000
       6270.0000
       6275.0000
       6280.0000
       6285.0000
       6290.0000
       6295.0000
       6300.0000
       6305.0000
       6310.0000
       6315.0000
       6320.0000
       6325.0000
       6330.0000
       6335.0000
       6340.0000
       6345.0000
       6350.0000
       6355.0000
       6360.0000
       6365.0000
       6370.0000
       6375.0000
       6380.0000
       6385.0000
       6390.0000
       6395.0000
       6400.0000
       6405.0000
       6410.0000
       6415.0000
       6420.0000
       6425.0000
       6430.0000
       6435.0000
       6440.0000
       6445.0000
       6450.0000
       6455.0000
       6460.0000
       6465.0000
       6470.0000
       6475.0000
       6480.0000
       6485.0000
       6490.0000
       6495.0000
       6500.0000
       6505.0000
       6510.0000
       6515.0000
       6520.0000
       6525.0000
       6530.0000
       6535.0000
       6540.0000
       6545.0000
       6550.0000
       6555.0000
       6560.0000
       6565.0000
       6570.0000
       6575.0000
       6580.0000
       6585.0000
       6590.0000
       6595.0000
       6600.0000
       6605.0000
       6610.0000
       6615.0000
       6620.0000
       6625.0000
       6630.0000
       6635.0000
       6640.0000
       6645.0000
       6650.0000
       6655.0000
       6660.0000
       6665.0000
       6670.0000
       6675.0000
       6680.0000
       6685.0000
       6690.0000
       6695.0000
       6700.0000
       6705.0000
       6710.0000
       6715.0000
       6720.0000
       6725.0000
       6730.0000
       6735.0000
       6740.0000
       6745.0000
       6750.0000
       6755.0000
       6760.0000
       6765.0000
       6770.0000
       6775.0000
       6780.0000
       6785.0000
       6790.0000
       6795.0000
       6800.0000
       6805.0000
       6810.0000
       6815.0000
       6820.0000
       6825.0000
       6830.0000
       6835.0000
       6840.0000
       6845.0000
       6850.0000
       6855.0000
       6860.0000
       6865.0000
       6870.0000
       6875.0000
       6880.0000
       6885.0000
       6890.0000
       6895.0000
       6900.0000
       6905.0000
       6910.0000
       6915.0000
       6920.0000
       6925.0000
       6930.0000
       6935.0000
       6940.0000
       6945.0000
       6950.0000
       6955.0000
       6960.0000
       6965.0000
       6970.0000
       6975.0000
       6980.0000
       6985.0000
       6990.0000
       6995.0000
       7000.0000
       7005.0000
       7010.0000
       7015.0000
       7020.0000
       7025.0000
       7030.0000
       7035.0000
       7040.0000
       7045.0000
       7050.0000
       7055.0000
       7060.0000
       7065.0000
       7070.0000
       7075.0000
       7080.0000
       7085.0000
       7090.0000
       7095.0000
       7100.0000
       7105.0000
       7110.0000
       7115.0000
       7120.0000
       7125.0000
       7130.0000
       7135.0000
       7140.0000
       7145.0000
       7150.0000
       7155.0000
       7160.0000
       7165.0000
       7170.0000
       7175.0000
       7180.0000
       7185.0000
       7190.0000
       7195.0000
       7200.0000
       7205.0000
       7210.0000
       7215.0000
       7220.0000
       7225.0000
       7230.0000
       7235.0000
       7240.0000
       7245.0000
       7250.0000
       7255.0000
       7260.0000
       7265.0000
       7270.0000
       7275.0000
       7280.0000
       7285.0000
       7290.0000
       7295.0000
       7300.0000
       7305.0000
       7310.0000
       7315.0000
       7320.0000
       7325.0000
       7330.0000
       7335.0000
       7340.0000
       7345.0000
       7350.0000
       7355.0000
       7360.0000
       7365.0000
       7370.0000
       7375.0000
       7380.0000
       7385.0000
       7390.0000
       7395.0000
       7400.0000
       7405.0000
       7410.0000
       7415.0000
       7420.0000
       7425.0000
       7430.0000
       7435.0000
       7440.0000
       7445.0000
       7450.0000
       7455.0000
       7460.0000
       7465.0000
       7470.0000
       7475.0000
       7480.0000
       7485.0000
       7490.0000
       7495.0000
       7500.0000
       7505.0000
       7510.0000
       7515.0000
       7520.0000
       7525.0000
       7530.0000
       7535.0000
       7540.0000
       7545.0000
       7550.0000
       7555.0000
       7560.0000
       7565.0000
       7570.0000
       7575.0000
       7580.0000
       7585.0000
       7590.0000
       7595.0000
       7600.0000
       7605.0000
       7610.0000
       7615.0000
       7620.0000
       7625.0000
       7630.0000
       7635.0000
       7640.0000
       7645.0000
       7650.0000
       7655.0000
       7660.0000
       7665.0000
       7670.0000
       7675.0000
       7680.0000
       7685.0000
       7690.0000
       7695.0000
       7700.0000
       7705.0000
       7710.0000
       7715.0000
       7720.0000
       7725.0000
       7730.0000
       7735.0000
       7740.0000
       7745.0000
       7750.0000
       7755.0000
       7760.0000
       7765.0000
       7770.0000
       7775.0000
       7780.0000
       7785.0000
       7790.0000
       7795.0000
       7800.0000
       7805.0000
       7810.0000
       7815.0000
       7820.0000
       7825.0000
       7830.0000
       7835.0000
       7840.0000
       7845.0000
       7850.0000
       7855.0000
       7860.0000
       7865.0000
       7870.0000
       7875.0000
       7880.0000
       7885.0000
       7890.0000
       7895.0000
       7900.0000
       7905.0000
       7910.0000
       7915.0000
       7920.0000
       7925.0000
       7930.0000
       7935.0000
       7940.0000
       7945.0000
       7950.0000
       7955.0000
       7960.0000
       7965.0000
       7970.0000
       7975.0000
       7980.0000
       7985.0000
       7990.0000
       7995.0000
       8000.0000
       8005.0000
       8010.0000
       8015.0000
       8020.0000
       8025.0000
       8030.0000
       8035.0000
       8040.0000
       8045.0000
       8050.0000
       8055.0000
       8060.0000
       8065.0000
       8070.0000
       8075.0000
       8080.0000
       8085.0000
       8090.0000
       8095.0000
       8100.0000
       8105.0000
       8110.0000
       8115.0000
       8120.0000
       8125.0000
       8130.0000
       8135.0000
       8140.0000
       8145.0000
       8150.0000
       8155.0000
       8160.0000
       8165.0000
       8170.0000
       8175.0000
       8180.0000
       8185.0000
       8190.0000
       8195.0000
       8200.0000
       8205.0000
       8210.0000
       8215.0000
       8220.0000
       8225.0000
       8230.0000
       8235.0000
       8240.0000
       8245.0000
       8250.0000
       8255.0000
       8260.0000
       8265.0000
       8270.0000
       8275.0000
       8280.0000
       8285.0000
       8290.0000
       8295.0000
       8300.0000
       8305.0000
       8310.0000
       8315.0000
       8320.0000
       8325.0000
       8330.0000
       8335.0000
       8340.0000
       8345.0000
       8350.0000
       8355.0000
       8360.0000
       8365.0000
       8370.0000
       8375.0000
       8380.0000
       8385.0000
       8390.0000
       8395.0000
       8400.0000
       8405.0000
       8410.0000
       8415.0000
       8420.0000
       8425.0000
       8430.0000
       8435.0000
       8440.0000
       8445.0000
       8450.0000
       8455.0000
       8460.0000
       8465.0000
       8470.0000
       8475.0000
       8480.0000
       8485.0000
       8490.0000
       8495.0000
       8500.0000
       8505.0000
       8510.0000
       8515.0000
       8520.0000
       8525.0000
       8530.0000
       8535.0000
       8540.0000
       8545.0000
       8550.0000
       8555.0000
       8560.0000
       8565.0000
       8570.0000
       8575.0000
       8580.0000
       8585.0000
       8590.0000
       8595.0000
       8600.0000
       8605.0000
       8610.0000
       8615.0000
       8620.0000
       8625.0000
       8630.0000
       8635.0000
       8640.0000
       8645.0000
       8650.0000
       8655.0000
       8660.0000
       8665.0000
       8670.0000
       8675.0000
       8680.0000
       8685.0000
       8690.0000
       8695.0000
       8700.0000
       8705.0000
       8710.0000
       8715.0000
       8720.0000
       8725.0000
       8730.0000
       8735.0000
       8740.0000
       8745.0000
       8750.0000
       8755.0000
       8760.0000
       8765.0000
       8770.0000
       8775.0000
       8780.0000
       8785.0000
       8790.0000
       8795.0000
       8800.0000
       8805.0000
       8810.0000
       8815.0000
       8820.0000
       8825.0000
       8830.0000
       8835.0000
       8840.0000
       8845.0000
       8850.0000
       8855.0000
       8860.0000
       8865.0000
       8870.0000
       8875.0000
       8880.0000
       8885.0000
       8890.0000
       8895.0000
       8900.0000
       8905.0000
       8910.0000
       8915.0000
       8920.0000
       8925.0000
       8930.0000
       8935.0000
       8940.0000
       8945.0000
       8950.0000
       8955.0000
       8960.0000
       8965.0000
       8970.0000
       8975.0000
       8980.0000
       8985.0000
       8990.0000
       8995.0000
       9000.0000
       9005.0000
       9010.0000
       9015.0000
       9020.0000
       9025.0000
       9030.0000
       9035.0000
       9040.0000
       9045.0000
       9050.0000
       9055.0000
       9060.0000
       9065.0000
       9070.0000
       9075.0000
       9080.0000
       9085.0000
       9090.0000
       9095.0000
       9100.0000
       9105.0000
       9110.0000
       9115.0000
       9120.0000
       9125.0000
       9130.0000
       9135.0000
       9140.0000
       9145.0000
       9150.0000
       9155.0000
       9160.0000
       9165.0000
       9170.0000
       9175.0000
       9180.0000
       9185.0000
       9190.0000
       9195.0000
       9200.0000
       9205.0000
       9210.0000
       9215.0000
       9220.0000
       9225.0000
       9230.0000
       9235.0000
       9240.0000
       9245.0000
       9250.0000
       9255.0000
       9260.0000
       9265.0000
       9270.0000
       9275.0000
       9280.0000
       9285.0000
       9290.0000
       9295.0000
       9300.0000
       9390.0000
       9490.0000
       9590.0000
       9690.0000
       9790.0000
       9890.0000
       9990.0000
       10225.000
       10475.000
       10725.000
       10975.000
       11225.000
       11475.000
       11725.000
       11975.000
       12225.000
       12475.000
       12725.000
       12975.000
       13225.000
       13475.000
       13725.000
       13975.000
       14225.000
       14475.000
       14725.000
       14975.000
       15225.000
       15475.000
       15725.000
       15975.000
       16450.000
       16950.000
       17450.000
       17950.000
       18450.000
       18950.000
       19450.000
       19950.000
       20450.000
       20950.000
       21450.000
       21950.000
       22450.000
       22950.000
       23450.000
       23950.000
       24450.000
       24950.000
       25450.000
       25950.000
       26450.000
       26950.000
       27450.000
       27950.000
       28450.000
       28950.000
       29450.000
       29950.000
       30450.000
       30950.000
       31450.000
       31950.000
       32900.000
       33900.000
       34900.000
       35900.000
       36900.000
       37900.000
       38900.000
       39900.000
       40900.000
       41900.000
       42900.000
       43900.000
       44900.000
       45900.000
       46900.000
       47900.000
       48900.000
       49900.000
       50900.000
       51900.000
       52900.000
       53900.000
       54900.000
       55900.000
       56900.000
       57900.000
       58900.000
       59900.000
       60900.000
       61900.000
       62900.000
       63900.000
       65800.000
       67800.000
       69800.000
       71800.000
       73800.000
       75800.000
       77800.000
       79800.000
       81800.000
       83800.000
       85800.000
       87800.000
       89800.000
       91800.000
       93800.000
       95800.000
       97800.000
       99800.000
       800000.00
