#      ID        x          y         z         vx      vy     vz[km/s]    Rvir(Mpc)      Mvir    #sub 
0      2393   0.37297  0.34554  0.23781  70.910  -85.145  215.579  1.100  7.466  4       
1      2400   0.36062  0.30382  0.23915  35.032  93.172  110.133  1.525  19.867  11      
2      2658   0.41952  0.54409  0.27496  198.643  -2.169  235.680  1.822  34.052  13      
3      2972   0.42840  0.35885  0.27759  169.666  155.644  66.620  1.436  16.666  12      
4      4414   0.40192  0.25179  0.39907  211.513  75.761  249.596  1.514  19.536  17      
5      4422   0.48102  0.21141  0.32701  307.433  -83.613  81.826  0.998  5.589  6       
6      5322   0.41042  0.22358  0.45120  -77.909  34.408  -88.603  1.189  9.463  7       
7      5324   0.34265  0.36258  0.47241  -316.021  262.408  375.063  0.979  5.278  8       
8      5326   0.43004  0.26165  0.43287  -176.990  -81.301  -76.704  1.261  11.244  6       
9      5451   0.33087  0.40314  0.49653  -386.532  113.678  42.379  1.840  34.947  20      
10     5763   0.37073  0.46815  0.33641  35.745  129.399  183.247  1.002  5.633  1       
11     5912   0.31854  0.46388  0.37300  -9.791  -9.218  -40.524  1.443  16.915  18      
12     5915   0.32493  0.42382  0.48789  -98.033  -508.621  122.624  1.679  26.618  12      
13     5917   0.30787  0.37385  0.47661  143.094  307.283  355.624  1.066  6.817  6       
14     5923   0.52973  0.47107  0.36994  423.495  -89.095  -112.031  0.984  5.347  4       
15     5947   0.22418  0.36645  0.39343  -388.510  231.030  -26.287  1.080  7.085  8       
16     6044   0.43927  0.52606  0.35073  161.102  -24.463  118.965  1.119  7.860  3       
17     6237   0.20168  0.36834  0.36905  -38.427  173.224  14.260  1.717  28.385  28      
18     6672   0.21610  0.39110  0.48060  157.726  -71.072  91.401  1.037  6.282  4       
19     6710   0.27692  0.35641  0.53328  122.680  463.883  119.574  1.074  6.959  4       
20     7206   0.21857  0.40148  0.50318  357.243  -76.387  -41.557  1.075  6.988  5       
21     10304   0.44737  0.23284  0.65212  -223.810  397.638  169.333  1.542  20.585  12      
22     10309   0.35407  0.23358  0.62081  239.139  -9.583  252.968  1.009  5.780  2       
23     10323   0.40874  0.23892  0.65807  152.951  305.711  103.126  1.330  13.205  9       
24     10372   0.48039  0.25886  0.62368  -92.487  262.061  241.486  1.124  8.008  2       
25     10410   0.49552  0.27860  0.61078  -136.646  81.666  224.543  1.329  13.150  16      
26     10461   0.41601  0.25900  0.65916  130.862  -234.351  106.262  1.594  22.748  8       
27     10929   0.40804  0.20420  0.73868  -79.481  -99.500  121.591  1.005  5.712  4       
28     10943   0.44462  0.26036  0.66549  -227.420  -0.472  -93.521  1.192  9.512  10      
29     11146   0.42915  0.21524  0.76187  -251.139  3.744  -109.510  1.153  8.587  5       
30     14124   0.25493  0.46975  0.79552  -189.805  4.511  288.073  0.978  5.241  3       
31     15232   0.54208  0.34004  0.76916  83.932  -75.039  8.985  1.532  20.226  10      
32     15578   0.28107  0.40577  0.54413  -176.417  -268.620  -179.349  1.779  31.786  32      
33     15771   0.25481  0.34982  0.62703  26.079  -14.857  -12.059  1.019  5.941  5       
34     15841   0.35650  0.33666  0.60465  20.012  192.932  53.104  1.058  6.652  3       
35     15843   0.50363  0.39602  0.69894  145.665  -212.304  16.449  1.028  6.099  5       
36     15846   0.52795  0.34345  0.71404  -110.299  -357.555  38.290  1.158  8.769  9       
37     15888   0.52265  0.33507  0.65492  -259.189  -131.094  264.026  1.198  9.718  10      
38     15954   0.53328  0.33048  0.73458  -138.456  46.079  116.846  1.009  5.788  7       
39     16085   0.52199  0.33497  0.68149  -61.962  -101.246  14.985  0.992  5.509  3       
40     16179   0.52877  0.45307  0.56884  189.157  -73.791  -81.550  0.966  5.061  4       
41     16484   0.25679  0.39742  0.54123  194.545  159.882  50.098  1.314  12.714  8       
42     16488   0.29695  0.37459  0.53557  -112.406  405.176  -175.049  1.125  7.988  6       
43     16749   0.23677  0.41818  0.55390  392.379  -283.867  -198.253  1.523  19.825  12      
44     18577   0.20703  0.70397  0.63080  -116.284  105.397  -42.956  1.007  5.723  5       
45     18634   0.22895  0.56679  0.76159  46.984  -433.773  317.712  1.140  8.332  6       
46     18887   0.23175  0.53509  0.77854  -17.278  -264.132  56.174  1.938  40.839  24      
47     19265   0.44561  0.71121  0.46761  590.279  -9.856  -221.255  1.280  11.798  5       
48     19267   0.51323  0.73563  0.50593  237.499  42.890  -149.148  1.031  6.145  4       
49     19339   0.44760  0.69479  0.63939  175.727  57.484  49.048  0.965  5.042  6       
50     19397   0.42624  0.75329  0.48180  300.188  -114.810  -31.312  0.962  5.008  6       
51     19575   0.48619  0.55927  0.48846  88.604  -185.667  -78.735  1.011  5.809  2       
52     19579   0.50346  0.55856  0.56580  265.341  -67.176  11.041  1.141  8.342  1       
53     19605   0.55144  0.56378  0.61843  133.305  15.009  -148.832  1.746  29.990  10      
54     19933   0.44185  0.73781  0.74287  71.886  112.991  228.254  1.360  14.176  12      
55     20601   0.35374  0.75041  0.79916  173.178  -10.855  125.587  1.087  7.199  7       
56     32141   0.39920  0.65897  0.22709  158.777  -16.870  159.963  1.265  11.399  5       
57     32150   0.43565  0.67352  0.27113  86.765  -118.903  107.373  1.359  14.094  9       
58     32157   0.43718  0.66444  0.30013  162.613  -60.252  -298.113  1.172  9.020  5       
59     32266   0.44279  0.70417  0.45285  525.478  -11.577  251.540  0.984  5.339  4       
60     32474   0.43980  0.55136  0.40364  76.898  -253.690  -67.753  1.062  6.725  5       
61     32475   0.47178  0.72656  0.45771  63.961  -142.021  224.915  1.751  30.231  12      
62     32488   0.51463  0.62578  0.29826  98.096  -133.964  -35.507  1.323  13.011  10      
63     32709   0.52621  0.53604  0.28590  184.097  -225.532  107.683  1.011  5.797  3       
64     33644   0.34435  0.71359  0.20657  111.744  -187.643  -14.286  0.974  5.195  1       
65     33892   0.51739  0.79079  0.20990  148.188  133.379  -164.694  1.368  14.343  9       
66     36415   0.58741  0.74185  0.51080  87.911  224.747  209.011  1.563  21.489  16      
67     36421   0.60468  0.77192  0.48388  -118.476  -1.301  419.563  1.231  10.466  6       
68     36731   0.75866  0.72277  0.51620  -139.987  -253.072  443.229  1.636  24.616  17      
69     37032   0.71437  0.70091  0.54665  168.625  -42.000  125.941  1.998  44.829  34      
70     37599   0.57196  0.73620  0.26792  -58.404  119.626  -9.367  1.044  6.391  2       
71     38778   0.61839  0.64624  0.21619  136.721  -83.976  6.117  1.112  7.724  2       
72     39726   0.77814  0.54189  0.28813  142.855  6.399  245.444  1.235  10.574  4       
73     39852   0.53450  0.54164  0.27869  -98.698  -266.758  407.676  1.004  5.696  0       
74     39981   0.58687  0.47503  0.34488  558.837  -459.302  278.686  1.832  34.533  24      
75     39983   0.60698  0.49137  0.33950  178.496  -750.367  328.875  1.136  8.239  7       
76     39985   0.60489  0.46665  0.45732  213.350  -322.465  -356.488  1.160  8.786  13      
77     39990   0.62598  0.44340  0.36179  206.346  23.902  122.462  2.788  122.162  109     
78     40046   0.60464  0.48323  0.48480  165.960  -272.741  -230.101  0.992  5.501  3       
79     40528   0.79427  0.61060  0.48335  269.931  65.841  193.153  1.756  30.374  27      
80     40552   0.67878  0.70347  0.54420  481.017  21.600  230.490  1.452  17.182  12      
81     40559   0.72573  0.65582  0.55333  220.859  220.947  -265.470  1.739  29.675  21      
82     40764   0.76572  0.67654  0.52102  -216.910  -104.098  20.953  1.089  7.275  3       
83     40812   0.70858  0.47992  0.33201  65.125  15.123  399.214  1.444  16.963  15      
84     40814   0.75137  0.51028  0.33941  83.253  -184.267  -276.000  1.425  16.276  12      
85     40816   0.72375  0.49138  0.33280  113.458  -284.363  71.318  1.003  5.656  15      
86     40819   0.77977  0.53197  0.34050  236.259  -291.642  -16.563  1.258  11.193  9       
87     40988   0.62743  0.42695  0.37354  -140.225  918.701  -118.280  1.147  8.459  16      
88     45962   0.72267  0.79668  0.57500  -281.597  -178.092  306.754  0.963  5.033  5       
89     46556   0.67644  0.79937  0.59844  339.485  7.671  -149.083  1.123  7.956  7       
90     46561   0.55968  0.78905  0.54555  209.241  71.781  -6.293  1.427  16.316  11      
91     46565   0.57065  0.79961  0.56026  32.465  -124.673  -178.053  1.191  9.510  6       
92     47587   0.56676  0.77602  0.78981  -154.072  -0.216  -104.413  0.990  5.444  4       
93     50233   0.78119  0.61378  0.72418  117.638  13.869  -77.460  1.022  5.998  3       
94     51356   0.60125  0.53491  0.75072  157.220  -56.080  -223.246  1.019  5.948  2       
95     51372   0.62027  0.50084  0.75840  40.898  271.047  26.468  1.022  5.987  2       
96     52431   0.58479  0.65713  0.62330  195.267  54.315  -147.742  0.987  5.413  3       
97     52728   0.56190  0.56205  0.57545  180.478  -123.939  90.399  1.023  6.036  4       
98     52738   0.62390  0.48850  0.52114  -21.355  -95.750  -277.489  1.224  10.328  5       
99     55093   0.79331  0.37216  0.49231  105.048  20.343  -346.584  0.973  5.157  3       
100    55435   0.63482  0.43482  0.50434  -134.699  45.918  -236.726  1.056  6.621  6       
101    55440   0.75132  0.45713  0.50072  5.178  95.692  -155.931  0.965  5.049  1       
102    55730   0.60900  0.39008  0.54844  -1.271  155.515  -269.635  1.470  17.852  12      
103    55735   0.62426  0.40518  0.43220  65.888  444.768  -336.074  2.276  66.288  61      
104    55757   0.67449  0.36424  0.58474  -110.383  227.801  -162.716  1.020  5.987  4       
105    56405   0.73598  0.25203  0.78386  -3.536  53.575  255.187  1.185  9.394  8       
106    59314   0.71514  0.20643  0.79438  106.959  230.412  235.309  1.460  17.501  10      
107    61851   0.58224  0.21296  0.49112  -1.315  73.482  -131.997  1.191  9.491  5       
108    61871   0.73883  0.20388  0.49549  333.986  -88.141  -223.004  0.999  5.597  4       
109    63937   0.73286  0.30846  0.30604  -87.587  350.423  130.915  1.833  34.519  12      
110    64834   0.74108  0.46057  0.33247  -292.434  269.447  119.345  1.467  17.717  16      
111    65097   0.72244  0.44278  0.33820  -62.708  348.414  68.585  1.085  7.205  5       
112    65537   0.70898  0.31022  0.30008  437.659  258.713  363.747  1.761  30.660  29      
113    65582   0.62520  0.27835  0.34940  -17.190  412.397  61.470  1.427  16.352  7       
114    65917   0.54961  0.25609  0.31916  7.864  207.722  291.568  1.115  7.787  8       
115    65920   0.58726  0.31512  0.34950  280.486  272.284  -3.876  1.236  10.634  9       
116    77293   0.54290  0.33618  0.76142  213.551  70.499  584.051  0.985  5.398  1       
117    83300   0.65578  0.46206  0.34559  -331.523  -687.928  260.520  1.489  18.528  18      
118    83316   0.64091  0.45754  0.35282  -529.053  -364.169  292.327  1.222  10.279  7       
119    83574   0.74916  0.64435  0.53387  38.671  193.679  260.263  1.190  9.474  5       
120    83589   0.73648  0.64930  0.54643  213.747  756.852  1.607  0.994  5.526  0       
121    83738   0.62982  0.41531  0.37754  94.265  1238.194  -117.295  1.066  6.807  6       
122    87245   0.62087  0.41320  0.42028  354.065  -389.477  -42.787  1.256  11.113  4       
