      0.00000
  0.000125893
  0.000141254
  0.000158489
  0.000177828
  0.000199527
  0.000223873
  0.000251189
  0.000281839
  0.000316229
  0.000354815
  0.000398109
  0.000446686
  0.000501190
  0.000562344
  0.000630961
  0.000707950
  0.000794334
  0.000891257
   0.00100000
   0.00104713
   0.00109648
   0.00114815
   0.00120226
   0.00125893
   0.00131826
   0.00138038
   0.00144544
   0.00151356
   0.00158489
   0.00165959
   0.00173780
   0.00181970
   0.00190546
   0.00199526
   0.00208929
   0.00218776
   0.00229087
   0.00239883
   0.00251188
   0.00263027
   0.00275423
   0.00288403
   0.00301995
   0.00316227
   0.00331131
   0.00346736
   0.00363078
   0.00380189
   0.00398107
   0.00416869
   0.00436515
   0.00457088
   0.00478629
   0.00501186
   0.00524807
   0.00549540
   0.00575439
   0.00602559
   0.00630956
   0.00660692
   0.00691830
   0.00724435
   0.00758576
   0.00794327
   0.00831762
   0.00870962
   0.00912009
   0.00954990
   0.00999998
    0.0104713
    0.0109648
    0.0114815
    0.0120226
    0.0125892
    0.0131825
    0.0138038
    0.0144544
    0.0151356
    0.0158489
    0.0165958
    0.0173780
    0.0181970
    0.0190546
    0.0199526
    0.0208929
    0.0218776
    0.0229086
    0.0239883
    0.0251188
    0.0263026
    0.0275422
    0.0290000
    0.0300000
    0.0310000
    0.0320000
    0.0330000
    0.0340000
    0.0350000
    0.0360000
    0.0370000
    0.0380000
    0.0390000
    0.0400000
    0.0425000
    0.0450000
    0.0475000
    0.0500000
    0.0525000
    0.0550000
    0.0570880
    0.0640538
    0.0718696
    0.0806390
    0.0904785
     0.101518
     0.113906
     0.127804
     0.143399
     0.160896
     0.180529
     0.202557
     0.227272
     0.255004
     0.286119
     0.321031
     0.360203
     0.404154
     0.453469
     0.508801
     0.570884
     0.640543
     0.718701
     0.806396
     0.904792
      1.01519
      1.13907
      1.27805
      1.43400
      1.60898
      1.68000
      1.70000
      1.80000
      1.90000
      2.00000
      2.10000
      2.20000
      2.30000
      2.40000
      2.50000
      2.60000
      2.75000
      3.00000
      3.25000
      3.50000
      3.75000
      4.00000
      4.25000
      4.50000
      4.75000
      5.00000
      5.25000
      5.50000
      5.75000
      6.00000
      6.25000
      6.50000
      6.75000
      7.00000
      7.25000
      7.50000
      7.75000
      8.00000
      8.25000
      8.50000
      8.75000
      9.00000
      9.25000
      9.50000
      9.75000
      10.0000
      10.2500
      10.5000
      10.7500
      11.0000
      11.2500
      11.5000
      11.7500
      12.0000
      12.2500
      12.5000
      12.7500
      13.0000
      13.2500
      13.5000
      13.7500
      14.0000
      14.2500
      14.5000
      14.7500
      15.0000
      15.2500
      15.5000
      15.7500
      16.0000
      16.2500
      16.5000
      16.7500
      17.0000
      17.2500
      17.5000
      17.7500
      18.0000
      18.2500
      18.5000
      18.7500
      19.0000
      19.2500
      19.5000
      19.7500
      20.0000
