      91.0000
      94.0000
      96.0000
      98.0000
      100.000
      102.000
      104.000
      106.000
      108.000
      110.000
      114.000
      118.000
      121.000
      125.000
      127.000
      128.000
      131.000
      132.000
      134.000
      137.000
      140.000
      143.000
      147.000
      151.000
      155.000
      159.000
      162.000
      166.000
      170.000
      173.000
      177.000
      180.000
      182.000
      186.000
      191.000
      194.000
      198.000
      202.000
      205.000
      210.000
      216.000
      220.000
      223.000
      227.000
      230.000
      234.000
      240.000
      246.000
      252.000
      257.000
      260.000
      264.000
      269.000
      274.000
      279.000
      284.000
      290.000
      296.000
      301.000
      308.000
      318.000
      328.000
      338.000
      348.000
      357.000
      366.000
      375.000
      385.000
      395.000
      405.000
      414.000
      422.000
      430.000
      441.000
      451.000
      460.000
      470.000
      480.000
      490.000
      500.000
      506.000
      512.000
      520.000
      530.000
      540.000
      550.000
      560.000
      570.000
      580.000
      590.000
      600.000
      610.000
      620.000
      630.000
      640.000
      650.000
      658.000
      665.000
      675.000
      685.000
      695.000
      705.000
      716.000
      726.000
      735.000
      745.000
      755.000
      765.000
      775.000
      785.000
      795.000
      805.000
      815.000
      825.000
      835.000
      845.000
      855.000
      865.000
      875.000
      885.000
      895.000
      905.000
      915.000
      925.000
      935.000
      945.000
      955.000
      965.000
      975.000
      985.000
      995.000
      1005.00
      1015.00
      1025.00
      1035.00
      1045.00
      1055.00
      1065.00
      1075.00
      1085.00
      1095.00
      1105.00
      1115.00
      1125.00
      1135.00
      1145.00
      1155.00
      1165.00
      1175.00
      1185.00
      1195.00
      1205.00
      1215.00
      1225.00
      1235.00
      1245.00
      1255.00
      1265.00
      1275.00
      1285.00
      1295.00
      1305.00
      1315.00
      1325.00
      1335.00
      1345.00
      1355.00
      1365.00
      1375.00
      1385.00
      1395.00
      1405.00
      1415.00
      1425.00
      1435.00
      1442.00
      1447.00
      1455.00
      1465.00
      1475.00
      1485.00
      1495.00
      1505.00
      1512.00
      1517.00
      1525.00
      1535.00
      1545.00
      1555.00
      1565.00
      1575.00
      1585.00
      1595.00
      1605.00
      1615.00
      1625.00
      1635.00
      1645.00
      1655.00
      1665.00
      1672.00
      1677.00
      1685.00
      1695.00
      1705.00
      1715.00
      1725.00
      1735.00
      1745.00
      1755.00
      1765.00
      1775.00
      1785.00
      1795.00
      1805.00
      1815.00
      1825.00
      1835.00
      1845.00
      1855.00
      1865.00
      1875.00
      1885.00
      1895.00
      1905.00
      1915.00
      1925.00
      1935.00
      1945.00
      1955.00
      1967.00
      1976.00
      1984.00
      1995.00
      2005.00
      2015.00
      2025.00
      2035.00
      2045.00
      2055.00
      2065.00
      2074.00
      2078.00
      2085.00
      2095.00
      2105.00
      2115.00
      2125.00
      2135.00
      2145.00
      2155.00
      2165.00
      2175.00
      2185.00
      2195.00
      2205.00
      2215.00
      2225.00
      2235.00
      2245.00
      2255.00
      2265.00
      2275.00
      2285.00
      2295.00
      2305.00
      2315.00
      2325.00
      2335.00
      2345.00
      2355.00
      2365.00
      2375.00
      2385.00
      2395.00
      2405.00
      2415.00
      2425.00
      2435.00
      2445.00
      2455.00
      2465.00
      2475.00
      2485.00
      2495.00
      2505.00
      2513.00
      2518.00
      2525.00
      2535.00
      2545.00
      2555.00
      2565.00
      2575.00
      2585.00
      2595.00
      2605.00
      2615.00
      2625.00
      2635.00
      2645.00
      2655.00
      2665.00
      2675.00
      2685.00
      2695.00
      2705.00
      2715.00
      2725.00
      2735.00
      2745.00
      2755.00
      2765.00
      2775.00
      2785.00
      2795.00
      2805.00
      2815.00
      2825.00
      2835.00
      2845.00
      2855.00
      2865.00
      2875.00
      2885.00
      2895.00
      2910.00
      2930.00
      2950.00
      2970.00
      2990.00
      3010.00
      3030.00
      3050.00
      3070.00
      3090.00
      3110.00
      3130.00
      3150.00
      3170.00
      3190.00
      3210.00
      3230.00
      3250.00
      3270.00
      3290.00
      3310.00
      3330.00
      3350.00
      3370.00
      3390.00
      3410.00
      3430.00
      3450.00
      3470.00
      3490.00
      3510.00
      3530.00
      3550.00
      3570.00
      3590.00
      3610.00
      3630.00
      3640.00
      3650.00
      3670.00
      3690.00
      3710.00
      3730.00
      3750.00
      3770.00
      3790.00
      3810.00
      3830.00
      3850.00
      3870.00
      3890.00
      3910.00
      3930.00
      3950.00
      3970.00
      3990.00
      4010.00
      4030.00
      4050.00
      4070.00
      4090.00
      4110.00
      4130.00
      4150.00
      4170.00
      4190.00
      4210.00
      4230.00
      4250.00
      4270.00
      4290.00
      4310.00
      4330.00
      4350.00
      4370.00
      4390.00
      4410.00
      4430.00
      4450.00
      4470.00
      4490.00
      4510.00
      4530.00
      4550.00
      4570.00
      4590.00
      4610.00
      4630.00
      4650.00
      4670.00
      4690.00
      4710.00
      4730.00
      4750.00
      4770.00
      4790.00
      4810.00
      4830.00
      4850.00
      4870.00
      4890.00
      4910.00
      4930.00
      4950.00
      4970.00
      4990.00
      5010.00
      5030.00
      5050.00
      5070.00
      5090.00
      5110.00
      5130.00
      5150.00
      5170.00
      5190.00
      5210.00
      5230.00
      5250.00
      5270.00
      5290.00
      5310.00
      5330.00
      5350.00
      5370.00
      5390.00
      5410.00
      5430.00
      5450.00
      5470.00
      5490.00
      5510.00
      5530.00
      5550.00
      5570.00
      5590.00
      5610.00
      5630.00
      5650.00
      5670.00
      5690.00
      5710.00
      5730.00
      5750.00
      5770.00
      5790.00
      5810.00
      5830.00
      5850.00
      5870.00
      5890.00
      5910.00
      5930.00
      5950.00
      5970.00
      5990.00
      6010.00
      6030.00
      6050.00
      6070.00
      6090.00
      6110.00
      6130.00
      6150.00
      6170.00
      6190.00
      6210.00
      6230.00
      6250.00
      6270.00
      6290.00
      6310.00
      6330.00
      6350.00
      6370.00
      6390.00
      6410.00
      6430.00
      6450.00
      6470.00
      6490.00
      6510.00
      6530.00
      6550.00
      6570.00
      6590.00
      6610.00
      6630.00
      6650.00
      6670.00
      6690.00
      6710.00
      6730.00
      6750.00
      6770.00
      6790.00
      6810.00
      6830.00
      6850.00
      6870.00
      6890.00
      6910.00
      6930.00
      6950.00
      6970.00
      6990.00
      7010.00
      7030.00
      7050.00
      7070.00
      7090.00
      7110.00
      7130.00
      7150.00
      7170.00
      7190.00
      7210.00
      7230.00
      7250.00
      7270.00
      7290.00
      7310.00
      7330.00
      7350.00
      7370.00
      7390.00
      7410.00
      7430.00
      7450.00
      7470.00
      7490.00
      7510.00
      7530.00
      7550.00
      7570.00
      7590.00
      7610.00
      7630.00
      7650.00
      7670.00
      7690.00
      7710.00
      7730.00
      7750.00
      7770.00
      7790.00
      7810.00
      7830.00
      7850.00
      7870.00
      7890.00
      7910.00
      7930.00
      7950.00
      7970.00
      7990.00
      8010.00
      8030.00
      8050.00
      8070.00
      8090.00
      8110.00
      8130.00
      8150.00
      8170.00
      8190.00
      8210.00
      8230.00
      8250.00
      8270.00
      8290.00
      8310.00
      8330.00
      8350.00
      8370.00
      8390.00
      8410.00
      8430.00
      8450.00
      8470.00
      8490.00
      8510.00
      8530.00
      8550.00
      8570.00
      8590.00
      8610.00
      8630.00
      8650.00
      8670.00
      8690.00
      8710.00
      8730.00
      8750.00
      8770.00
      8790.00
      8810.00
      8830.00
      8850.00
      8870.00
      8890.00
      8910.00
      8930.00
      8950.00
      8970.00
      8990.00
      9010.00
      9030.00
      9050.00
      9070.00
      9090.00
      9110.00
      9130.00
      9150.00
      9170.00
      9190.00
      9210.00
      9230.00
      9250.00
      9270.00
      9290.00
      9310.00
      9330.00
      9350.00
      9370.00
      9390.00
      9410.00
      9430.00
      9450.00
      9470.00
      9490.00
      9510.00
      9530.00
      9550.00
      9570.00
      9590.00
      9610.00
      9630.00
      9650.00
      9670.00
      9690.00
      9710.00
      9730.00
      9750.00
      9770.00
      9790.00
      9810.00
      9830.00
      9850.00
      9870.00
      9890.00
      9910.00
      9930.00
      9950.00
      9970.00
      9990.00
      10025.0
      10075.0
      10125.0
      10175.0
      10225.0
      10275.0
      10325.0
      10375.0
      10425.0
      10475.0
      10525.0
      10575.0
      10625.0
      10675.0
      10725.0
      10775.0
      10825.0
      10875.0
      10925.0
      10975.0
      11025.0
      11075.0
      11125.0
      11175.0
      11225.0
      11275.0
      11325.0
      11375.0
      11425.0
      11475.0
      11525.0
      11575.0
      11625.0
      11675.0
      11725.0
      11775.0
      11825.0
      11875.0
      11925.0
      11975.0
      12025.0
      12075.0
      12125.0
      12175.0
      12225.0
      12275.0
      12325.0
      12375.0
      12425.0
      12475.0
      12525.0
      12575.0
      12625.0
      12675.0
      12725.0
      12775.0
      12825.0
      12875.0
      12925.0
      12975.0
      13025.0
      13075.0
      13125.0
      13175.0
      13225.0
      13275.0
      13325.0
      13375.0
      13425.0
      13475.0
      13525.0
      13575.0
      13625.0
      13675.0
      13725.0
      13775.0
      13825.0
      13875.0
      13925.0
      13975.0
      14025.0
      14075.0
      14125.0
      14175.0
      14225.0
      14275.0
      14325.0
      14375.0
      14425.0
      14475.0
      14525.0
      14570.0
      14620.0
      14675.0
      14725.0
      14775.0
      14825.0
      14875.0
      14925.0
      14975.0
      15025.0
      15075.0
      15125.0
      15175.0
      15225.0
      15275.0
      15325.0
      15375.0
      15425.0
      15475.0
      15525.0
      15575.0
      15625.0
      15675.0
      15725.0
      15775.0
      15825.0
      15875.0
      15925.0
      15975.0
      16050.0
      16150.0
      16250.0
      16350.0
      16450.0
      16550.0
      16650.0
      16750.0
      16850.0
      16950.0
      17050.0
      17150.0
      17250.0
      17350.0
      17450.0
      17550.0
      17650.0
      17750.0
      17850.0
      17950.0
      18050.0
      18150.0
      18250.0
      18350.0
      18450.0
      18550.0
      18650.0
      18750.0
      18850.0
      18950.0
      19050.0
      19150.0
      19250.0
      19350.0
      19450.0
      19550.0
      19650.0
      19750.0
      19850.0
      19950.0
      20050.0
      20150.0
      20250.0
      20350.0
      20450.0
      20550.0
      20650.0
      20750.0
      20850.0
      20950.0
      21050.0
      21150.0
      21250.0
      21350.0
      21450.0
      21550.0
      21650.0
      21750.0
      21850.0
      21950.0
      22050.0
      22150.0
      22250.0
      22350.0
      22450.0
      22550.0
      22650.0
      22750.0
      22850.0
      22950.0
      23050.0
      23150.0
      23250.0
      23350.0
      23450.0
      23550.0
      23650.0
      23750.0
      23850.0
      23950.0
      24050.0
      24150.0
      24250.0
      24350.0
      24450.0
      24550.0
      24650.0
      24750.0
      24850.0
      24950.0
      25050.0
      25150.0
      25250.0
      25350.0
      25450.0
      25550.0
      25650.0
      25750.0
      25850.0
      25950.0
      26050.0
      26150.0
      26250.0
      26350.0
      26450.0
      26550.0
      26650.0
      26750.0
      26850.0
      26950.0
      27050.0
      27150.0
      27250.0
      27350.0
      27450.0
      27550.0
      27650.0
      27750.0
      27850.0
      27950.0
      28050.0
      28150.0
      28250.0
      28350.0
      28450.0
      28550.0
      28650.0
      28750.0
      28850.0
      28950.0
      29050.0
      29150.0
      29250.0
      29350.0
      29450.0
      29550.0
      29650.0
      29750.0
      29850.0
      29950.0
      30050.0
      30150.0
      30250.0
      30350.0
      30450.0
      30550.0
      30650.0
      30750.0
      30850.0
      30950.0
      31050.0
      31150.0
      31250.0
      31350.0
      31450.0
      31550.0
      31650.0
      31750.0
      31850.0
      31950.0
      32100.0
      32300.0
      32500.0
      32700.0
      32900.0
      33100.0
      33300.0
      33500.0
      33700.0
      33900.0
      34100.0
      34300.0
      34500.0
      34700.0
      34900.0
      35100.0
      35300.0
      35500.0
      35700.0
      35900.0
      36100.0
      36300.0
      36500.0
      36700.0
      36900.0
      37100.0
      37300.0
      37500.0
      37700.0
      37900.0
      38100.0
      38300.0
      38500.0
      38700.0
      38900.0
      39100.0
      39300.0
      39500.0
      39700.0
      39900.0
      40100.0
      40300.0
      40500.0
      40700.0
      40900.0
      41100.0
      41300.0
      41500.0
      41700.0
      41900.0
      42100.0
      42300.0
      42500.0
      42700.0
      42900.0
      43100.0
      43300.0
      43500.0
      43700.0
      43900.0
      44100.0
      44300.0
      44500.0
      44700.0
      44900.0
      45100.0
      45300.0
      45500.0
      45700.0
      45900.0
      46100.0
      46300.0
      46500.0
      46700.0
      46900.0
      47100.0
      47300.0
      47500.0
      47700.0
      47900.0
      48100.0
      48300.0
      48500.0
      48700.0
      48900.0
      49100.0
      49300.0
      49500.0
      49700.0
      49900.0
      50100.0
      50300.0
      50500.0
      50700.0
      50900.0
      51100.0
      51300.0
      51500.0
      51700.0
      51900.0
      52100.0
      52300.0
      52500.0
      52700.0
      52900.0
      53100.0
      53300.0
      53500.0
      53700.0
      53900.0
      54100.0
      54300.0
      54500.0
      54700.0
      54900.0
      55100.0
      55300.0
      55500.0
      55700.0
      55900.0
      56100.0
      56300.0
      56500.0
      56700.0
      56900.0
      57100.0
      57300.0
      57500.0
      57700.0
      57900.0
      58100.0
      58300.0
      58500.0
      58700.0
      58900.0
      59100.0
      59300.0
      59500.0
      59700.0
      59900.0
      60100.0
      60300.0
      60500.0
      60700.0
      60900.0
      61100.0
      61300.0
      61500.0
      61700.0
      61900.0
      62100.0
      62300.0
      62500.0
      62700.0
      62900.0
      63100.0
      63300.0
      63500.0
      63700.0
      63900.0
      64200.0
      64600.0
      65000.0
      65400.0
      65800.0
      66200.0
      66600.0
      67000.0
      67400.0
      67800.0
      68200.0
      68600.0
      69000.0
      69400.0
      69800.0
      70200.0
      70600.0
      71000.0
      71400.0
      71800.0
      72200.0
      72600.0
      73000.0
      73400.0
      73800.0
      74200.0
      74600.0
      75000.0
      75400.0
      75800.0
      76200.0
      76600.0
      77000.0
      77400.0
      77800.0
      78200.0
      78600.0
      79000.0
      79400.0
      79800.0
      80200.0
      80600.0
      81000.0
      81400.0
      81800.0
      82200.0
      82600.0
      83000.0
      83400.0
      83800.0
      84200.0
      84600.0
      85000.0
      85400.0
      85800.0
      86200.0
      86600.0
      87000.0
      87400.0
      87800.0
      88200.0
      88600.0
      89000.0
      89400.0
      89800.0
      90200.0
      90600.0
      91000.0
      91400.0
      91800.0
      92200.0
      92600.0
      93000.0
      93400.0
      93800.0
      94200.0
      94600.0
      95000.0
      95400.0
      95800.0
      96200.0
      96600.0
      97000.0
      97400.0
      97800.0
      98200.0
      98600.0
      99000.0
      99400.0
      99800.0
      100200.
      200000.
      400000.
      600000.
      800000.
  1.00000e+06
  1.20000e+06
  1.40000e+06
  1.60000e+06
