       0.0000000
   0.00012589300
   0.00014125400
   0.00015848900
   0.00017782800
   0.00019952700
   0.00022387300
   0.00025118900
   0.00028183900
   0.00031622900
   0.00035481500
   0.00039810900
   0.00044668600
   0.00050119000
   0.00056234400
   0.00063096100
   0.00070795000
   0.00079433400
   0.00089125700
    0.0010000000
    0.0010471300
    0.0010964800
    0.0011481500
    0.0012022600
    0.0012589300
    0.0013182600
    0.0013803800
    0.0014454400
    0.0015135600
    0.0015848900
    0.0016595900
    0.0017378000
    0.0018197000
    0.0019054600
    0.0019952600
    0.0020892900
    0.0021877600
    0.0022908700
    0.0023988300
    0.0025118800
    0.0026302700
    0.0027542300
    0.0028840300
    0.0030199500
    0.0031622700
    0.0033113100
    0.0034673600
    0.0036307800
    0.0038018900
    0.0039810700
    0.0041686900
    0.0043651500
    0.0045708800
    0.0047862900
    0.0050118600
    0.0052480700
    0.0054954000
    0.0057543900
    0.0060255900
    0.0063095600
    0.0066069200
    0.0069183000
    0.0072443500
    0.0075857600
    0.0079432700
    0.0083176200
    0.0087096200
    0.0091200900
    0.0095499000
    0.0099999800
     0.010471300
     0.010964800
     0.011481500
     0.012022600
     0.012589200
     0.013182500
     0.013803800
     0.014454400
     0.015135600
     0.015848900
     0.016595800
     0.017378000
     0.018197000
     0.019054600
     0.019952600
     0.020892900
     0.021877600
     0.022908600
     0.023988300
     0.025118800
     0.026302600
     0.027542200
     0.029000000
     0.030000000
     0.031000000
     0.032000000
     0.033000000
     0.034000000
     0.035000000
     0.036000000
     0.037000000
     0.038000000
     0.039000000
     0.040000000
     0.042500000
     0.045000000
     0.047500000
     0.050000000
     0.052500000
     0.055000000
     0.057088000
     0.064053800
     0.071869600
     0.080639000
     0.090478496
      0.10151800
      0.11390600
      0.12780400
      0.14339901
      0.16089600
      0.18052899
      0.20255699
      0.22727200
      0.25500400
      0.28611901
      0.32103101
      0.36020301
      0.40415398
      0.45346899
      0.50880099
      0.57088397
      0.64054298
      0.71870099
      0.80639603
      0.90479200
       1.0151900
       1.1390700
       1.2780500
       1.4340000
       1.6089800
       1.6800000
       1.7000000
       1.8000000
       1.9000000
       2.0000000
       2.1000000
       2.2000000
       2.3000000
       2.4000000
       2.5000000
       2.6000000
       2.7500001
       3.0000000
       3.2499999
       3.5000000
       3.7500001
       4.0000000
       4.2499999
       4.4999997
       4.7500001
       5.0000000
       5.2499999
       5.5000003
       5.7500001
       6.0000000
       6.2499999
       6.4999997
       6.7500001
       7.0000000
       7.2499999
       7.5000003
       7.7500001
       8.0000000
       8.2499999
       8.4999997
       8.7500001
       8.9999995
       9.2499999
       9.5000003
       9.7499996
       10.000000
       10.250000
       10.500000
       10.750000
       11.000000
       11.250000
       11.500000
       11.750000
       12.000000
       12.250000
       12.500000
       12.750000
       13.000000
       13.250000
       13.500000
       13.750000
       14.000000
       14.250000
       14.500000
       14.750000
       15.000000
       15.250000
       15.500000
       15.750000
       16.000000
       16.250000
       16.500000
       16.750000
       17.000000
       17.250001
       17.500000
       17.750000
       17.999999
       18.250000
       18.500000
       18.749999
       19.000000
       19.250000
       19.499999
       19.750001
       20.000000
