 #      ID        x          y         z[codeunit]     vx      vy     vz[km/s]    Rvir[codeunit]      Mvir      Mass
0      1      0.506156206  0.312774390  0.303264141  -258.096  -133.802  -52.064  0.000870191  851629899776  957576839168     
1      2      0.504769742  0.311265886  0.303140014  646.816  -1254.294  138.733  0.000204832  31126898688  31126898688     
2      3      0.480465978  0.315173775  0.313890219  152.629  49.439  -194.752  0.000332263  47274385408  47546798080     
3      4      0.505703092  0.312594920  0.302479655  168.409  858.135  -1245.448  0.000273655  26358065152  26428139520     
4      5      0.507493138  0.315422386  0.301732302  -377.320  -884.520  -511.359  0.000150726  18446979072  18446979072     
5      6      0.521421015  0.318485320  0.310725570  -368.501  -170.065  -453.531  0.000178061  36596895744  36596895744     
6      7      0.507249594  0.314653546  0.302668631  -261.392  316.711  -729.197  0.000403244  84412604416  84420026368     
7      8      0.489429504  0.311853468  0.310098201  345.815  78.438  -298.307  0.000329286  53334843392  53334843392     
8      9      0.505781949  0.309543401  0.303715229  80.986  -389.671  367.606  0.000149373  17400025088  17400025088     
9      10     0.471665829  0.314420611  0.317396998  117.980  42.041  -227.970  0.000193564  9352502272  26608662528     
10     11     0.500946522  0.301724613  0.307321519  227.794  619.160  -183.398  0.000190201  42239844352  42239844352     
11     12     0.510188043  0.314903855  0.301598847  -614.223  -520.493  -94.862  0.000116283  15666706432  15666706432     
12     13     0.506713271  0.309416264  0.303165317  135.982  1173.330  -127.129  0.000123473  11498849280  11498849280     
13     14     0.510847390  0.313883334  0.301313043  90.214  126.770  -25.731  0.000166251  23723511808  23723511808     
14     15     0.508759797  0.313574702  0.301926762  -637.353  -422.652  129.031  0.000258163  80551034880  80551034880     
15     16     0.496330976  0.303846180  0.295870960  341.695  27.886  165.459  0.000111973  11461104640  11461104640     
16     17     0.511938572  0.272572279  0.313871592  -323.293  -155.494  -51.476  0.000026555  24131898  371724032     
17     18     0.506252050  0.310250521  0.301269084  298.006  669.516  -430.678  0.000139069  24760305664  24760305664     
18     19     0.505357921  0.313125998  0.304156512  -27.995  -366.405  -258.724  0.000244216  58713989120  58713989120     
19     20     0.506369233  0.311504602  0.303447217  560.407  -364.376  -280.953  0.000300742  35046940672  35048796160     
20     21     0.506539106  0.313102216  0.304061562  1256.854  865.923  124.795  0.000250312  20189579264  20240164864     
21     22     0.506030202  0.311352879  0.305537760  -638.437  -422.605  -527.411  0.000265960  47884181504  47884181504     
22     23     0.503164053  0.307978570  0.306095541  313.207  21.410  -229.554  0.000204096  37346430976  37346430976     
23     24     0.525473893  0.325093776  0.288303614  -28.804  -200.728  -61.497  0.000215103  12830279680  13014980608     
24     25     0.511482537  0.269578397  0.314548194  -188.070  -252.292  -4.338  0.000041577  92814992  435302304     
25     26     0.502467334  0.311686248  0.301268965  -108.574  -596.182  -759.276  0.000123593  13148170240  13148170240     
26     27     0.505790472  0.313093752  0.302284867  393.772  879.178  -786.785  0.000024295  18562998  309537984     
27     28     0.517462134  0.315851808  0.324841619  -137.929  -15.235  -564.270  0.000020455  11137798  572204416     
28     29     0.506851971  0.313892096  0.303334266  621.209  287.585  -1252.009  0.000233743  16424541184  16437534720     
29     30     0.521267116  0.323402405  0.292505860  -212.851  -83.919  -35.801  0.000168573  6839897088  6839897088     
30     31     0.503628969  0.312287152  0.303699523  -793.453  -785.536  344.974  0.000140661  5891895296  5891895296     
31     32     0.501423597  0.312024176  0.301466465  -89.515  -301.921  -241.630  0.000157911  12173149184  12173149184     
32     33     0.503767252  0.310229480  0.302973390  -19.983  -297.203  -665.319  0.000162371  11933222912  11933222912     
33     34     0.505145431  0.312179983  0.302993149  -1441.557  367.152  535.248  0.000120011  11075148800  11075148800     
34     35     0.504477799  0.310470134  0.302653998  -94.952  81.055  340.154  0.000174124  14211829760  14211829760     
35     36     0.506825566  0.315025091  0.301850796  -376.104  -1020.800  -525.387  0.000152359  14242459648  14242459648     
36     37     0.506384373  0.311135441  0.302751839  211.964  -1497.004  -797.518  0.000120050  10974444544  10974444544     
37     38     0.512061536  0.270736933  0.316264302  332.206  -59.370  -498.444  0.000020718  11601874  1027925952     
38     39     0.504830480  0.319563985  0.306571603  -398.176  -63.072  -228.847  0.000128773  4887173120  4887173120     
39     40     0.507233799  0.312478989  0.302012086  640.901  886.465  -712.552  0.000284827  29786187776  29793609728     
40     41     0.503237605  0.309267700  0.306102872  624.988  809.636  -280.646  0.000127035  4424026624  4424026624     
41     42     0.486487478  0.302448422  0.299254477  337.408  100.750  -130.232  0.000184296  8095787520  8369127424     
42     43     0.504339576  0.311838388  0.304444969  814.965  -360.117  -868.583  0.000167391  9791516672  9791516672     
43     44     0.503217518  0.310937643  0.302687913  -689.177  -713.773  -36.050  0.000181806  8768232448  8768232448     
44     45     0.502959073  0.314199567  0.305243343  619.525  731.643  -101.170  0.000119171  14378434560  14378434560     
45     46     0.482041031  0.296921223  0.289047688  138.900  83.818  -137.157  0.000059157  267771232  1448377856     
46     47     0.506927907  0.313224018  0.304874808  61.929  365.582  -946.361  0.000054404  229717088  229717088     
47     48     0.503937721  0.310304701  0.302792579  813.665  989.210  -66.676  0.000150066  12272925696  12272925696     
48     49     0.504647493  0.310727745  0.302986562  -61.963  -1701.229  144.148  0.000161510  5421323776  5421787136     
49     50     0.515122116  0.315097660  0.307017356  -557.406  -343.273  84.175  0.000088725  1750490624  1750490624     
50     51     0.513476372  0.316019148  0.316177279  -68.556  -138.964  -712.826  0.000104193  6293320704  6293320704     
51     52     0.503284335  0.309046447  0.304191947  -138.082  -992.972  -456.614  0.000084805  835334848  835334848     
52     53     0.505462229  0.308562279  0.307663560  158.941  465.214  -735.782  0.000163710  42123722752  42123722752     
53     54     0.510769725  0.313536823  0.300937951  -551.259  -69.592  709.638  0.000118037  5022219264  5022219264     
54     55     0.504359484  0.309774756  0.303519160  -578.187  -563.659  305.872  0.000173685  7653059584  7653059584     
55     56     0.503758967  0.311879009  0.304329604  1033.173  623.172  -716.890  0.000142104  9481051136  9481051136     
56     57     0.503597498  0.326224387  0.311828971  143.978  -502.989  -327.548  0.000105227  11706032128  11706032128     
57     58     0.487383842  0.321501970  0.316944867  -11.168  -246.461  -356.479  0.000128757  2749179904  8828561408     
58     59     0.486970931  0.320980161  0.316276878  -13.287  -217.836  -379.693  0.000144077  3850429696  6530926080     
59     60     0.504839182  0.311966211  0.304694146  -568.801  -660.474  951.082  0.000064748  348984352  350376576     
60     61     0.501339018  0.311709702  0.305294603  637.868  315.936  -227.950  0.000125181  11223188480  11223188480     
61     62     0.506463110  0.314022064  0.301963419  -121.142  -304.698  -549.708  0.000142192  3816552448  3816552448     
62     63     0.506951571  0.314454734  0.303296000  315.808  637.481  -598.207  0.000189334  9967400960  9967400960     
63     64     0.508251607  0.288187504  0.308356404  -256.594  65.730  -199.446  0.000177310  8009469440  8009469440     
64     65     0.504720211  0.311466366  0.305492401  -262.822  139.876  937.084  0.000106741  1566717056  1573214080     
65     66     0.503079712  0.311370075  0.301650584  -246.999  -521.688  -1031.634  0.000195259  11594447872  11594447872     
66     67     0.506893754  0.312373132  0.302563995  -1214.427  -21.080  630.625  0.000122415  7375542784  7375542784     
67     68     0.508820534  0.315598696  0.302086562  -205.400  -8.298  -139.123  0.000114957  5879829504  5879829504     
68     69     0.515591562  0.267162085  0.312614769  -98.505  53.341  -171.105  0.000018612  8353349  395855904     
69     70     0.531532526  0.314613938  0.292259276  -239.571  170.564  -164.858  0.000117607  2092977920  3896837120     
70     71     0.505907118  0.313914418  0.302552462  139.509  670.863  -712.119  0.000113306  1873006464  1912916992     
71     72     0.504117370  0.287029892  0.307939321  126.788  73.105  -312.278  0.000182585  7832656896  12803826688     
72     73     0.522444189  0.319042593  0.313981622  -288.248  -98.110  -570.165  0.000193160  9282890752  9288460288     
73     74     0.510915935  0.270777464  0.315427572  -168.221  52.545  135.947  0.000149267  4275522304  4545149952     
74     75     0.507133901  0.284034342  0.309490383  114.731  126.977  -356.386  0.000131206  2912070144  6931423232     
75     76     0.508251429  0.312855393  0.302674472  488.126  1313.992  -256.505  0.000248086  19662391296  19673528320     
76     77     0.503859639  0.309762836  0.304069608  1032.334  786.000  -150.105  0.000108200  2233592832  2233592832     
77     78     0.512119651  0.317367792  0.310144871  -201.279  -218.111  -819.783  0.000157684  12289168384  12289168384     
78     79     0.503757834  0.284937114  0.307783633  168.165  132.094  -286.588  0.000029689  33877468  6951842304     
79     80     0.481928945  0.297081530  0.288771182  159.577  114.680  -105.276  0.000024103  18098922  150360288     
80     81     0.504300237  0.312559187  0.302363217  38.420  -1002.142  342.104  0.000118909  4988805632  4988805632     
81     82     0.501827478  0.313499510  0.304170966  590.255  994.635  -185.328  0.000080090  1175965952  1175965952     
82     83     0.504611135  0.308667898  0.306416988  570.242  1086.351  -402.830  0.000098140  3504693760  3504693760     
83     84     0.508888662  0.313244611  0.301776320  -634.043  -24.909  -126.456  0.000130618  24188514304  24188514304     
84     85     0.502296031  0.308551162  0.309328496  168.230  418.120  -178.569  0.000103754  4069008896  4069008896     
85     86     0.500805795  0.310886979  0.304972529  -340.064  -741.597  -236.833  0.000137459  10572091392  10572091392     
86     87     0.504595280  0.309842855  0.303071439  191.855  13.479  -444.269  0.000131221  6747649536  6747649536     
87     88     0.505243719  0.311761796  0.309045404  451.071  565.553  -237.000  0.000123137  4322857984  4322857984     
88     89     0.502390385  0.308975518  0.303512245  -96.580  1133.780  -117.511  0.000308555  44099031040  44099031040     
89     90     0.502020419  0.310625046  0.305021912  1083.905  -51.170  -727.232  0.000163663  31080953856  31080953856     
90     91     0.506948829  0.312488288  0.304381877  1270.699  512.755  90.876  0.000147854  7250242560  7250242560     
91     92     0.505149722  0.314103842  0.303680271  -843.367  -1151.108  -259.361  0.000146883  18807564288  18807564288     
92     93     0.506054401  0.313638061  0.301983625  -119.974  -173.561  -306.645  0.000150503  11574957056  11574957056     
93     94     0.506493628  0.309477895  0.292797357  -43.068  86.642  356.652  0.000124085  7775317504  7775317504     
94     95     0.523914337  0.322395355  0.291788787  -56.717  -186.031  16.614  0.000151342  12078014464  12078014464     
95     96     0.504951656  0.310409904  0.307078302  249.901  -692.049  -1184.253  0.000091887  2538025984  2538025984     
96     97     0.500651777  0.311348826  0.306417406  512.962  870.306  -323.831  0.000152625  8356185088  8356185088     
97     98     0.510998726  0.312088311  0.299913019  191.180  -114.411  -252.556  0.000120691  8200204288  8200204288     
98     99     0.506406248  0.314258814  0.303176999  -46.066  -237.295  109.932  0.000093139  1039992000  1053450112     
99     100    0.504276156  0.311838686  0.305369318  265.156  880.931  -1052.785  0.000106662  5587926528  5587926528     
100    101    0.507693946  0.314947098  0.302965403  -183.381  528.581  -916.977  0.000077298  837655232  837655232     
101    102    0.508906424  0.294325918  0.306262314  -265.910  192.598  -238.679  0.000120646  16173165568  16173165568     
102    103    0.504125774  0.311122388  0.305858314  -325.013  -619.734  134.433  0.000084256  896128704  896128704     
103    104    0.507168949  0.309926271  0.304773420  174.087  289.715  -33.547  0.000108078  2286497280  2286497280     
104    105    0.509511888  0.312593311  0.301241189  -308.780  246.226  24.699  0.000115766  6267332096  6267332096     
105    106    0.501445293  0.303282410  0.303976357  -288.100  622.845  -205.348  0.000105359  5436019200  5436019200     
106    107    0.507094502  0.311178684  0.301315218  78.908  -375.000  517.241  0.000095067  2354716160  2354716160     
107    108    0.507134557  0.315751672  0.301769435  -65.214  60.843  -352.592  0.000117429  2524567808  2524567808     
108    109    0.507066846  0.313449860  0.302409410  279.418  -122.287  -659.766  0.000117387  2078591616  2163517440     
109    110    0.507595599  0.314311802  0.301742017  -560.034  -275.887  -55.755  0.000081135  1693409408  1693409408     
110    111    0.507942498  0.313489258  0.303708404  -531.432  680.924  -836.598  0.000120401  5825996800  5825996800     
111    112    0.507557750  0.318603575  0.304755509  -261.998  -196.900  -570.755  0.000118595  22464372736  22464372736     
112    113    0.510379195  0.268824369  0.313912481  -300.308  1.437  47.625  0.000014804  4176674  386574400     
113    114    0.508231997  0.312859684  0.303897351  -498.662  757.741  -615.416  0.000105412  3153389312  3153389312     
114    115    0.506912827  0.311329156  0.306876034  572.031  1087.187  -402.400  0.000131405  7438193152  7438193152     
115    116    0.508033574  0.308109343  0.306575119  142.082  566.096  -515.214  0.000093959  2536169472  2536169472     
116    117    0.487382233  0.320781201  0.316618383  173.896  -143.541  -376.340  0.000018280  7889274  415811136     
117    118    0.507295191  0.314955860  0.302915007  -423.890  359.022  -738.172  0.000142021  3833258752  3833258752     
118    119    0.505679488  0.312025458  0.298796564  -2.374  122.305  836.489  0.000124852  5675172352  5675172352     
119    120    0.501720369  0.304038018  0.300515473  313.377  440.839  -331.285  0.000078035  782430336  782430336     
120    121    0.505125880  0.311293215  0.304710895  870.083  1187.692  -537.343  0.000112370  2239161600  2239161600     
121    122    0.505958855  0.313563466  0.303389519  -200.691  1437.904  -834.310  0.000132157  2967295232  2968687360     
122    123    0.506556630  0.314047605  0.301073819  -73.181  -917.482  -772.322  0.000182461  15247645696  15247645696     
123    124    0.506169379  0.311052829  0.303052425  823.102  -1257.976  -460.885  0.000085540  804705920  807026304     
124    125    0.514043629  0.314869851  0.316221476  -185.328  38.017  -677.277  0.000095582  2437424640  2437424640     
125    126    0.504884958  0.307715207  0.306450695  674.722  750.165  294.249  0.000114945  7185736192  7185736192     
126    127    0.524711013  0.320728064  0.292149693  -56.005  -277.507  -119.907  0.000151453  4565569536  4565569536     
127    128    0.507014036  0.313932210  0.303627580  -852.187  48.725  433.682  0.000072652  581949952  581949952     
128    129    0.502340496  0.305937618  0.298755586  479.541  623.433  -426.307  0.000064042  406993728  406993728     
129    130    0.505808711  0.310120374  0.302982271  303.116  11.867  -506.268  0.000021305  12530024  563851008     
130    131    0.512821913  0.271510661  0.314703792  320.738  -110.509  -504.207  0.000018633  8353349  150360288     
131    132    0.507534981  0.315786064  0.303052992  -929.751  -342.620  -209.500  0.000086665  1856299776  1856299776     
132    133    0.506402433  0.310904682  0.303417742  -129.311  950.828  -28.059  0.000152013  5323403776  5323403776     
133    134    0.506491363  0.310380727  0.305058241  -783.025  -429.705  -294.314  0.000080967  985231168  985231168     
134    135    0.501695573  0.301755786  0.307746083  86.942  553.224  -323.367  0.000070282  1167612544  1167612544     
135    136    0.504525483  0.311498553  0.304596424  -971.091  249.635  86.666  0.000043775  108129456  115090584     
136    137    0.503846586  0.310714394  0.302217126  307.407  507.216  -595.366  0.000104098  4096853760  4096853760     
137    138    0.507188678  0.284793735  0.309110492  20.175  131.449  -363.593  0.000018643  8353349  602833344     
138    139    0.515281141  0.270673960  0.313422948  127.381  46.214  -575.240  0.000021086  12065949  105345016     
139    140    0.503385246  0.312635183  0.305602700  -780.542  -479.926  -1125.507  0.000101793  2968223232  2968223232     
140    141    0.506056249  0.314376324  0.302553713  279.361  653.011  -635.997  0.000022112  13922248  142935072     
141    142    0.508482397  0.308426023  0.304727048  -156.743  -656.862  229.499  0.000084788  908658752  908658752     
142    143    0.505793571  0.312667251  0.301639497  735.132  -1455.274  -30.704  0.000089341  1833095936  1833095936     
143    144    0.511220217  0.306505531  0.295058131  -305.558  314.340  184.350  0.000093555  4269540864  4269540864     
144    145    0.507750392  0.314741582  0.302943051  371.256  731.123  -525.952  0.000157277  7008923648  7008923648     
145    146    0.508682191  0.313020855  0.303904027  -196.116  -823.850  -700.471  0.000081854  893344256  893344256     
146    147    0.501717865  0.324711174  0.316439509  8.090  -217.779  -644.005  0.000099063  1886464640  1886464640     
147    148    0.502346694  0.310789943  0.307056338  5.182  -532.278  20.165  0.000057589  245959728  255705296     
148    149    0.506244600  0.309089541  0.303321809  283.767  707.476  -64.936  0.000090016  1108675072  1108675072     
149    150    0.505965948  0.311467260  0.302207708  -837.804  -686.754  618.934  0.000085623  807490368  812131136     
150    151    0.507550061  0.314215630  0.303011358  -626.827  -1557.139  -486.579  0.000096901  4124233728  4124233728     
151    152    0.487272888  0.321070284  0.316970915  393.282  -87.258  -396.019  0.000026453  24131898  311394272     
152    153    0.486177981  0.321780711  0.317907244  10.927  -289.246  -331.943  0.000239803  17773142016  18093817856     
153    154    0.512644649  0.271390110  0.314101189  -484.823  -157.863  206.497  0.000029849  34341544  1253466368     
154    155    0.509341598  0.313733071  0.297387838  -42.809  -261.601  -512.743  0.000074048  846936704  846936704     
155    156    0.505363762  0.312353373  0.302078635  -102.220  117.490  -114.902  0.000124609  2672143360  2672143360     
156    157    0.504216909  0.309960663  0.303987622  -985.686  -122.063  765.422  0.000096674  1164364032  1174109568     
157    158    0.494709194  0.301173806  0.300545633  327.614  334.607  18.909  0.000078859  765723648  765723648     
158    159    0.503403664  0.308888823  0.304064929  -69.365  -1011.340  110.085  0.000059776  293759424  293759424     
159    160    0.524957776  0.331379086  0.292112410  -95.361  -298.442  -283.544  0.000028780  31093022  419523744     
160    161    0.499333650  0.314288735  0.303734988  -788.388  -598.366  -97.198  0.000088478  892416064  892880192     
161    162    0.508830130  0.313070387  0.304209054  -62.842  -822.750  -681.869  0.000129663  4901559296  4901559296     
162    163    0.507881582  0.309952974  0.304591626  -107.659  914.470  -614.216  0.000101365  5027375104  5027375104     
163    164    0.508593202  0.315291286  0.302793503  106.125  320.690  -607.737  0.000121233  4116808960  4116808960     
164    165    0.500995338  0.305712789  0.292488426  106.815  60.305  285.691  0.000077287  735558784  735558784     
165    166    0.514069259  0.316702783  0.315923005  -185.992  -52.545  -656.567  0.000123504  7948211200  7948211200     
166    167    0.504703820  0.313251466  0.304502100  258.205  -849.068  -604.627  0.000077096  862251200  862251200     
167    168    0.504371762  0.310381621  0.303310603  -830.744  -1251.719  -718.574  0.000082726  899841344  899841344     
168    169    0.506194115  0.308065474  0.300432056  361.265  47.850  -210.850  0.000096492  3521864704  3521864704     
169    170    0.508630812  0.314459503  0.303021908  -60.010  -499.769  -164.683  0.000055877  277980864  277980864     
170    171    0.505974293  0.315657854  0.303961843  119.542  -817.991  -816.982  0.000114616  6838144000  6838144000     
171    172    0.505122602  0.311491966  0.303253084  -19.849  -1719.333  -309.258  0.000050807  168923280  170315504     
172    173    0.520384908  0.318912596  0.305623531  -468.758  -250.089  -383.006  0.000099795  2484193280  2484193280     
173    174    0.506973803  0.319472402  0.306357712  -95.421  -870.683  -445.331  0.000158613  11455689728  11455689728     
174    175    0.503071606  0.326480299  0.311788350  88.318  -589.111  -207.243  0.000103986  3992591360  3992591360     
175    176    0.522020698  0.319642484  0.315036923  -147.548  -30.732  -622.812  0.000148682  6235310592  6235310592     
176    177    0.507556319  0.314003199  0.302300930  -751.334  -395.622  -87.535  0.000133776  3614679552  3614679552     
177    178    0.505151689  0.309793800  0.305083305  330.037  -600.250  -1570.146  0.000114409  4890731008  4890731008     
178    179    0.507674873  0.312554240  0.303711027  -1365.248  -421.708  -641.771  0.000043286  104416856  109057616     
179    180    0.525848985  0.325269878  0.287604839  -30.609  -203.910  -21.492  0.000092963  1034423040  1855835648     
180    181    0.505407691  0.314672977  0.303865403  759.912  -432.608  -140.705  0.000103791  4284339712  4284339712     
181    182    0.488798112  0.310776889  0.309640110  285.100  58.168  -528.523  0.000048036  142935072  157321408     
182    183    0.506975770  0.312642604  0.302043915  -807.243  -236.794  -635.414  0.000046138  126228384  133189512     
183    184    0.522193015  0.322102517  0.294741958  -14.355  -187.910  80.183  0.000083688  2169550336  2169550336     
184    185    0.510098815  0.270713627  0.314651191  -325.466  29.139  -19.525  0.000070470  451544896  616755584     
185    186    0.506877840  0.313635260  0.305029511  354.435  1097.225  -996.470  0.000100646  2584897536  2584897536     
186    187    0.507211685  0.312904567  0.303936929  745.292  700.414  -569.656  0.000070349  447832320  460826400     
187    188    0.503011644  0.307685256  0.305079132  214.217  -548.043  -532.504  0.000104502  4337708544  4337708544     
188    189    0.504647851  0.309772044  0.304208219  -670.995  157.732  -258.757  0.000048847  149896208  150360288     
189    190    0.506206751  0.310838938  0.302544802  94.251  1155.932  274.563  0.000083073  939751744  939751744     
190    191    0.505398929  0.309733391  0.307118773  208.614  779.653  -327.441  0.000074219  808882624  808882624     
191    192    0.507400274  0.314450592  0.303295195  146.131  -23.825  -535.754  0.000071597  823732992  823732992     
192    193    0.506175220  0.315077901  0.303749859  -55.048  -577.720  -159.064  0.000071775  537862848  538326912     
193    194    0.523160696  0.325993240  0.294439703  -139.303  -367.755  -280.029  0.000090800  1233047168  1233047168     
194    195    0.505321681  0.311244458  0.305399597  -497.699  -1069.740  329.439  0.000068701  516515392  516515392     
195    196    0.504277110  0.310183972  0.303614467  266.383  -1193.961  -149.843  0.000071183  464074944  465003072     
196    197    0.505158484  0.311427534  0.302384466  -237.747  124.545  -216.128  0.000051961  180989216  206513344     
197    198    0.505344927  0.313337475  0.302354932  957.692  736.997  201.974  0.000073912  822340800  822340800     
198    199    0.505250394  0.312954992  0.302783400  179.323  -174.950  -284.451  0.000077164  591231424  593087744     
199    200    0.504756391  0.311526179  0.303191423  949.709  -784.195  -646.741  0.000101030  1328646528  1329574656     
200    201    0.513389289  0.318515897  0.300332189  -544.953  -397.338  136.583  0.000082769  1750954752  1750954752     
201    202    0.502301216  0.305665880  0.303694010  783.967  480.943  64.787  0.000082383  2107364224  2107364224     
202    203    0.505123675  0.311482430  0.303099841  -719.543  -347.358  258.926  0.000013582  3248524  336918400     
203    204    0.513170958  0.313823789  0.316838771  -136.275  67.909  -680.596  0.000077370  1734763776  1734763776     
204    205    0.505825818  0.314614534  0.304905593  525.757  -73.851  -122.794  0.000090361  1547689856  1547689856     
205    206    0.506123364  0.311523646  0.303781539  -1693.863  -255.182  -404.534  0.000062969  321603936  324388384     
206    207    0.520491242  0.320044547  0.316413373  -207.534  23.702  -651.062  0.000081169  687759104  719316160     
207    208    0.504982650  0.310078919  0.304251671  638.362  -1296.667  3.648  0.000066954  386110368  388430720     
208    209    0.518701196  0.316702574  0.318738967  -150.601  -43.821  -630.431  0.000098170  1219124864  1274349824     
209    210    0.507238090  0.312998921  0.302752048  -221.535  -123.358  -637.562  0.000080157  663163072  666411648     
210    211    0.488113940  0.301923901  0.296444625  332.082  155.254  -70.948  0.000087639  866891968  1161115520     
211    212    0.504422605  0.311603785  0.302061975  404.478  -510.877  -1294.214  0.000096715  1584351744  1584351744     
212    213    0.512206733  0.300045013  0.304834604  -420.587  288.213  -179.774  0.000087195  2540913408  2540913408     
213    214    0.507152438  0.315131009  0.301873565  -492.766  -935.332  -565.564  0.000061364  539719168  539719168     
214    215    0.506947517  0.312079042  0.303477734  -83.254  -814.517  -849.403  0.000097590  1855371648  1855371648     
215    216    0.504880250  0.309966207  0.302795708  695.274  973.361  483.550  0.000043421  105345016  113234280     
216    217    0.505160630  0.312528104  0.304183811  1670.583  848.441  156.385  0.000090835  2802548480  2802548480     
217    218    0.510073245  0.314612716  0.298359782  -92.537  -181.043  -304.502  0.000069142  584734400  584734400     
218    219    0.504391432  0.310786575  0.305470079  -106.858  -703.995  208.722  0.000061917  305361312  306753536     
219    220    0.503669798  0.310321331  0.305219978  -195.356  -1000.725  872.194  0.000088267  1199169664  1199169664     
220    221    0.506075799  0.312026381  0.302798331  -1426.478  -599.223  741.053  0.000082248  775933312  775933312     
221    222    0.508214653  0.309518546  0.304492980  -118.572  822.760  -601.021  0.000079931  863643456  863643456     
222    223    0.509987891  0.313719928  0.302729517  198.638  200.314  -59.830  0.000110458  4031883008  4031883008     
223    224    0.502981663  0.308589280  0.306615770  148.869  -249.289  54.015  0.000101433  4036059904  4036059904     
224    225    0.503843069  0.311081618  0.303496629  -570.807  -206.957  404.718  0.000055065  215330768  342951392     
225    226    0.508514285  0.314584672  0.302149087  459.125  447.175  -545.835  0.000082124  713747264  716531712     
226    227    0.507358491  0.312611073  0.301595658  -777.334  -482.330  125.116  0.000069954  440871200  441799360     
227    228    0.506902099  0.309234202  0.290849417  -56.454  130.422  331.793  0.000063549  532758048  532758048     
228    229    0.506548643  0.312388003  0.301153481  -500.437  661.375  68.140  0.000069510  432053760  432517824     
229    230    0.495039999  0.307561010  0.306053907  559.502  108.239  -299.106  0.000105120  3357582080  3357582080     
230    231    0.508028805  0.314818978  0.304526508  174.442  -113.063  -115.332  0.000067719  629749696  629749696     
231    232    0.505990565  0.313177347  0.303912580  -134.123  1050.110  -1530.892  0.000043878  128084688  128084688     
232    233    0.502119839  0.310212970  0.303739995  -236.355  -900.146  143.429  0.000074638  726277248  726277248     
233    234    0.505413890  0.310516804  0.301889300  -761.545  -684.738  -1376.888  0.000090633  1917557504  1917557504     
234    235    0.508469224  0.308651358  0.306033671  658.086  431.099  -498.745  0.000043346  104880936  106273160     
235    236    0.506959677  0.309193254  0.292290956  -217.350  253.907  282.451  0.000079479  1893889920  1893889920     
236    237    0.504866183  0.311922193  0.303229719  699.377  1360.769  -704.823  0.000078960  632998208  636710848     
237    238    0.505856037  0.309049219  0.302696288  -446.724  -220.270  327.208  0.000118005  6491480064  6491480064     
238    239    0.499705821  0.312209457  0.303179681  932.437  21.505  -237.309  0.000074690  1080366464  1080366464     
239    240    0.502462983  0.307684183  0.305428803  515.092  941.856  -528.705  0.000052818  189806640  195839632     
240    241    0.505897820  0.311477631  0.302043080  47.082  1.804  -283.629  0.000065633  363370688  403281120     
241    242    0.513737440  0.317977428  0.300764978  -641.794  -275.046  99.835  0.000085913  1452554496  1452554496     
242    243    0.503273189  0.311771333  0.303501636  202.225  -1015.410  221.020  0.000046639  130405056  130869128     
243    244    0.498918772  0.308563054  0.308340460  340.262  694.000  -311.027  0.000058468  257097504  261274192     
244    245    0.505675614  0.308762133  0.307078451  94.827  598.064  -594.604  0.000104006  3769216512  3769216512     
245    246    0.500313520  0.293558240  0.307617515  -57.046  314.760  -126.951  0.000046326  128084688  219507440     
246    247    0.503455818  0.309232533  0.305155963  -23.623  -657.315  -480.693  0.000065322  358265856  423700416     
247    248    0.507004499  0.315118730  0.300832540  -382.013  39.903  -613.944  0.000052589  187486272  190270720     
248    249    0.505964398  0.313314050  0.303208917  586.713  -1165.572  -902.198  0.000074451  530901728  532758048     
249    250    0.507925689  0.313829780  0.304079145  105.648  -4.864  -190.443  0.000056764  235750080  238534528     
250    251    0.520605505  0.315464348  0.297341436  -220.200  -246.417  92.467  0.000118662  4053230592  4053230592     
251    252    0.504675031  0.310522020  0.303399086  1336.681  -495.018  -133.699  0.000082351  719316160  725349120     
252    253    0.505790353  0.311893880  0.303487778  -656.675  953.310  -1351.043  0.000083569  752265472  794960384     
253    254    0.504076421  0.311447710  0.304757237  -537.390  84.777  734.449  0.000065235  356873632  357801792     
254    255    0.504274786  0.313030362  0.304254472  348.720  -1207.874  -447.600  0.000058027  251064544  251528608     
255    256    0.503109872  0.310057610  0.305996954  54.382  525.084  -835.906  0.000086540  2122214784  2122214784     
256    257    0.506631374  0.309836835  0.290306956  -2.210  80.900  332.075  0.000095256  2579947264  2579947264     
257    258    0.497123063  0.305927008  0.295977950  201.665  49.226  283.610  0.000052278  183773680  187486272     
258    259    0.504985809  0.310823470  0.301237911  569.648  724.277  482.041  0.000058281  254777136  256633456     
259    260    0.503584027  0.311541110  0.302396685  816.448  -337.179  -134.446  0.000053958  243639328  243639328     
260    261    0.513001919  0.318015158  0.313521326  -180.149  -95.301  -716.549  0.000062305  432053760  432053760     
261    262    0.499489784  0.309058726  0.300167292  424.632  180.461  450.995  0.000074056  1354634752  1354634752     
262    263    0.501824439  0.312152863  0.304532021  24.841  -383.438  -1001.566  0.000073141  585198464  585198464     
263    264    0.495390952  0.320687622  0.310232431  202.762  -434.680  -461.769  0.000087399  2816986368  2816986368     
264    265    0.501443088  0.315922946  0.305365443  530.440  -712.856  -824.977  0.000073897  729989888  729989888     
265    266    0.502028525  0.308676481  0.302847922  -355.118  -833.553  313.043  0.000046724  145255456  146183600     
266    267    0.493292630  0.319168240  0.309709579  195.169  -368.020  -503.730  0.000202419  18587697152  18587697152     
267    268    0.505909264  0.313812971  0.303297341  -275.546  921.213  -467.336  0.000024291  18562998  122515784     
268    269    0.505039394  0.313437998  0.303532690  -228.519  146.720  -108.130  0.000059072  265450864  276124576     
269    270    0.502717733  0.291611135  0.307385266  144.113  209.022  -325.281  0.000044324  112306136  142006928     
270    271    0.504958034  0.307221591  0.308544695  545.003  604.119  236.682  0.000085939  2234056704  2234056704     
271    272    0.501368701  0.310315430  0.306199521  -549.468  -786.216  -266.419  0.000065262  646456384  646456384     
272    273    0.506814659  0.311916947  0.301055998  -540.031  -530.435  -1335.521  0.000079529  1467869056  1467869056     
273    274    0.508649886  0.311807781  0.302322209  -157.196  -692.675  -827.161  0.000043440  106273160  106273160     
274    275    0.503277063  0.312759221  0.303359777  1068.106  -972.849  -564.547  0.000036507  62650116  103024632     
275    276    0.505586565  0.312296212  0.299630523  -123.761  281.917  866.902  0.000117062  3727449856  3727449856     
276    277    0.503152668  0.313797534  0.303468049  128.400  -628.411  -612.433  0.000080815  679405696  679869824     
277    278    0.506149292  0.310638666  0.302476883  -365.664  -503.527  -413.822  0.000067813  401424832  405137408     
278    279    0.505863011  0.310671955  0.302424580  108.026  -185.135  -407.664  0.000030709  37590072  434374144     
279    280    0.502044201  0.312906474  0.306873560  -597.130  -488.382  90.969  0.000074289  632998208  632998208     
280    281    0.503074408  0.311093181  0.303763390  551.631  985.255  -183.932  0.000086632  837655232  838119360     
281    282    0.505699635  0.310138077  0.303759158  -166.609  -154.116  501.980  0.000067193  390287008  391679264     
282    283    0.506464720  0.312640578  0.299310058  71.661  -682.821  -437.589  0.000077718  1117492480  1117492480     
283    284    0.506585419  0.312452227  0.300196290  -59.121  -1017.641  -262.058  0.000051793  179132928  183309600     
284    285    0.502342641  0.308710814  0.306071162  489.805  717.619  -525.120  0.000080445  894736512  894736512     
285    286    0.510111272  0.312895328  0.299504608  18.212  201.658  -332.083  0.000051198  172635872  178668848     
286    287    0.522341907  0.319467217  0.315252811  -276.082  -96.848  -604.738  0.000133129  3040773632  3042165760     
287    288    0.502753854  0.311719835  0.310747921  564.364  -390.190  -604.483  0.000057357  270091616  270091616     
288    289    0.508806229  0.310668409  0.307032257  705.283  745.236  -318.064  0.000043608  106737240  116946880     
289    290    0.501398325  0.307160705  0.306769431  228.925  508.818  -241.750  0.000060790  289118688  289118688     
290    291    0.508688211  0.312217414  0.301510364  175.696  -499.024  -244.040  0.000030022  34805620  100704256     
291    292    0.514602125  0.316701293  0.299470067  -474.143  -585.106  -97.930  0.000041627  92814992  98383888     
292    293    0.506835580  0.309110224  0.292236239  -5.085  170.823  348.970  0.000078290  1220104576  1220104576     
293    294    0.506805062  0.311993271  0.303979933  -1245.422  -199.594  -703.961  0.000040209  83533488  93279064     
294    295    0.508731484  0.314188540  0.303055584  -179.457  234.095  426.499  0.000043208  103952784  105345016     
295    296    0.514373243  0.315104097  0.298877656  -604.689  -341.858  75.592  0.000068930  1111046912  1111046912     
296    297    0.508334756  0.313405037  0.302986443  667.180  -423.010  -590.628  0.000074016  522084288  524868768     
297    298    0.521038115  0.324810565  0.292112112  -281.318  -121.296  -85.610  0.000080238  719316160  719316160     
298    299    0.521399379  0.322828680  0.296131968  -223.568  -191.721  -15.634  0.000044110  110449840  111842064     
299    300    0.489347160  0.312423080  0.310389936  293.865  193.436  -299.761  0.000061733  304897248  304897248     
300    301    0.506558537  0.313244909  0.306002498  113.720  -24.829  -1101.516  0.000074750  549000640  549000640     
301    302    0.506536126  0.313187569  0.302277297  -499.205  -268.753  -706.162  0.000071699  474284576  484958336     
302    303    0.501566052  0.315742463  0.305510134  511.853  -724.943  -653.680  0.000107834  1612247808  1615960448     
303    304    0.507310927  0.315010339  0.301089168  -688.565  -1071.526  -692.195  0.000054728  237142288  237142288     
304    305    0.505443215  0.309150010  0.305477321  998.569  971.880  -86.706  0.000067230  392607392  392607392     
305    306    0.505498946  0.307098955  0.282412738  -27.685  104.159  95.714  0.000050755  168459200  178204768     
306    307    0.506707191  0.313530654  0.303526163  12.250  -152.708  871.120  0.000064498  344807680  345735840     
307    308    0.506917179  0.299002647  0.304060757  -302.170  383.799  -155.880  0.000067781  1339371904  1339371904     
308    309    0.505018651  0.313555181  0.304910064  -37.798  -574.299  -421.395  0.000050563  181917376  181917376     
309    310    0.489934981  0.310155302  0.310746074  285.351  190.314  -374.975  0.000076059  808882624  808882624     
310    311    0.504114032  0.308463871  0.305093646  1047.351  757.061  52.627  0.000054565  209297792  211154112     
311    312    0.507249057  0.316299319  0.302541882  -432.771  -890.491  -274.628  0.000087706  1163899904  1163899904     
312    313    0.510350883  0.314203948  0.300398529  -43.491  316.262  -176.440  0.000046363  154536960  154536960     
313    314    0.506589949  0.314212233  0.302234471  -438.032  -1298.025  -50.786  0.000067973  404673344  406529664     
314    315    0.504890382  0.312491238  0.303053021  1490.881  559.112  -124.057  0.000089585  923973184  925365440     
315    316    0.506701708  0.312858552  0.304169357  1418.686  809.305  -459.531  0.000050979  172171792  172635872     
316    317    0.518363833  0.317309976  0.302830011  -311.762  -287.009  166.866  0.000075012  684510528  684510528     
317    318    0.504361153  0.310552925  0.303076535  879.415  131.705  18.711  0.000040932  88174240  92814992     
318    319    0.501018405  0.310092717  0.303790033  800.156  149.675  -88.942  0.000037953  70539392  98847960     
319    320    0.505081236  0.313604444  0.304621786  -138.013  -167.472  83.891  0.000049457  155929184  157785488     
320    321    0.503966451  0.307185322  0.301140696  484.377  673.423  -437.260  0.000057555  245031568  253384912     
321    322    0.508467555  0.316462368  0.300318658  -148.906  110.973  -614.027  0.000045696  224612272  224612272     
322    323    0.504195452  0.309932977  0.304676861  -29.676  -106.008  -171.683  0.000071758  521156128  521156128     
323    324    0.512653768  0.314218998  0.296120852  -53.579  -274.374  416.935  0.000050665  297007968  297007968     
324    325    0.502271116  0.300405055  0.308909804  111.627  513.394  -257.676  0.000055693  222755968  229717088     
325    326    0.519717693  0.317082524  0.297873855  -289.897  -251.902  115.430  0.000060578  456185664  456185664     
326    327    0.503988087  0.308918953  0.303311408  -484.029  -494.752  816.369  0.000093165  2153771776  2153771776     
327    328    0.510144234  0.289974362  0.307472378  -284.119  136.070  -235.891  0.000042037  95599440  98847960     
328    329    0.514198482  0.317693800  0.293163449  -204.527  -30.854  257.855  0.000069897  994048512  994048512     
329    330    0.500944257  0.312389225  0.302975714  -47.916  -762.779  -584.001  0.000065382  359658080  360122144     
330    331    0.519465208  0.316990077  0.318397522  -181.986  3.433  -605.570  0.000038206  71931616  124836160     
331    332    0.506310344  0.310160458  0.303638011  678.335  1016.234  -948.659  0.000058484  257097504  259881968     
332    333    0.506579220  0.310820013  0.298694730  -146.097  275.552  759.543  0.000086262  1033494848  1033494848     
333    334    0.501843095  0.303518832  0.285270602  0.168  140.200  82.727  0.000053155  193519248  204192976     
334    335    0.506619036  0.312575102  0.304041058  188.123  273.107  -423.541  0.000046169  126692456  135973952     
335    336    0.523244798  0.323937446  0.293480158  -214.562  -146.466  -75.930  0.000088693  896592768  897056896     
336    337    0.507184565  0.296501279  0.308235407  -170.585  323.557  -117.226  0.000046187  126692456  128084688     
337    338    0.513764858  0.316246480  0.316933006  -109.136  -148.696  -784.861  0.000071230  1719913216  1719913216     
338    339    0.508270919  0.310308725  0.302862972  -332.217  356.137  -456.246  0.000095458  3564559616  3564559616     
339    340    0.505147815  0.307469249  0.282715589  -15.193  85.402  90.599  0.000041937  95135360  102560560     
340    341    0.506067336  0.312614083  0.304224491  -735.771  587.841  1234.018  0.000062186  670124224  670124224     
341    342    0.511844993  0.313268542  0.313524753  -203.752  71.587  -732.459  0.000066943  994564224  994564224     
342    343    0.503975809  0.306878328  0.304254770  127.067  -346.390  -640.414  0.000049301  154536960  167066976     
343    344    0.496634543  0.305780947  0.294975579  187.340  51.153  270.387  0.000064426  388430720  388430720     
344    345    0.503609419  0.308776557  0.301922768  -638.426  -833.859  420.205  0.000049511  156393248  162426224     
345    346    0.506148338  0.311280191  0.300066292  -174.192  329.176  937.058  0.000054001  214402624  214402624     
346    347    0.505271971  0.324717432  0.310604423  -13.046  -597.024  -293.989  0.000047726  140150640  142935072     
347    348    0.506027818  0.310745418  0.298653722  -71.081  270.636  764.243  0.000066006  454329376  454329376     
348    349    0.506835341  0.309262276  0.291583866  -57.075  110.726  361.258  0.000058316  685902784  685902784     
349    350    0.507694185  0.318706006  0.305052459  -237.785  -237.151  -612.783  0.000040514  147575840  147575840     
350    351    0.504637420  0.311171472  0.304785788  1008.881  973.492  -521.487  0.000125922  3562703360  3562703360     
351    352    0.504217446  0.311366349  0.303726286  701.270  -1178.131  -483.104  0.000130662  6639055872  6639055872     
352    353    0.507177651  0.313657552  0.303086072  736.145  919.953  -873.569  0.000084631  781038080  813987456     
353    354    0.505136311  0.310759813  0.304689497  361.780  -443.872  63.445  0.000019167  9281499  186558128     
354    355    0.505241752  0.310739696  0.304326206  376.388  -304.959  -585.926  0.000019297  9281499  144791376     
355    356    0.504541874  0.311807066  0.304150343  669.693  -1373.258  -165.405  0.000100583  1309619456  1315188352     
356    357    0.506978393  0.312770903  0.303460896  1027.104  380.970  -268.750  0.000063064  323924288  386574400     
357    358    0.506126285  0.310817450  0.303700835  942.500  1169.743  -1058.141  0.000078561  623716736  628821568     
358    359    0.506089747  0.310406119  0.302791029  547.469  9.456  -390.404  0.000015259  4640750  362906592     
359    360    0.506340086  0.312492728  0.302681983  -685.484  -245.085  894.478  0.000068085  406065568  411170400     
360    361    0.505647421  0.312130392  0.302771837  267.165  -154.638  86.267  0.000077060  589375168  600048896     
361    362    0.505852878  0.312514752  0.304039508  1061.919  1004.025  -1164.490  0.000084997  797744832  797744832     
362    363    0.505986571  0.311667413  0.303763032  -682.248  -124.455  -779.625  0.000131427  7919902720  7919902720     
363    364    0.505769670  0.310555726  0.302916735  -549.063  -564.279  371.693  0.000190786  8934834176  8955253760     
364    365    0.505951762  0.312328130  0.302902758  989.559  682.374  -1381.378  0.000116428  2034040448  2054459776     
365    366    0.506397367  0.312364846  0.303902388  -427.745  -1383.761  -634.787  0.000068694  416739264  421844128     
366    367    0.505562544  0.311871350  0.302930474  326.622  1713.681  -454.934  0.000117888  2757533184  2757533184     
367    368    0.506010354  0.313051403  0.303546786  -707.229  -539.144  25.892  0.000039513  79356816  169387344     
368    369    0.506621599  0.314167738  0.302524269  551.694  293.867  -622.110  0.000203610  10877452288  10928965632     
369    370    0.506726623  0.313257009  0.302437901  -1026.071  -266.124  1217.310  0.000073687  514195008  514659104     
370    371    0.506169200  0.311954379  0.303872198  1535.332  279.532  -499.796  0.000263087  23485904896  23822358528     
371    372    0.505300343  0.309901804  0.303770661  -119.246  -268.433  84.582  0.000022782  15314473  810738944     
372    373    0.504378438  0.311460763  0.303892106  -425.009  -204.151  -169.095  0.000026682  24595972  110913912     
373    374    0.504892290  0.311037362  0.303473413  -542.856  -587.799  732.983  0.000095616  2743611136  2743611136     
374    375    0.505398989  0.313241303  0.302862406  918.910  499.678  164.570  0.000068773  941608064  941608064     
375    376    0.505071461  0.311130881  0.303879142  -82.339  -41.212  -126.155  0.000817987  704503349248  706910486528     
376    377    0.505708277  0.310459614  0.303337395  378.988  -606.678  -315.530  0.000018948  8817424  472892352     
377    378    0.505557358  0.312073857  0.303065002  -167.175  -457.069  1087.291  0.000155226  8338962432  8338962432     
378    379    0.504060984  0.310781389  0.303933948  -274.645  -87.199  -7.600  0.000230049  28549892096  28549892096     
379    380    0.505569577  0.312900037  0.302914619  446.926  519.685  -569.095  0.000150865  4422633984  5242654720     
380    381    0.505845308  0.312470227  0.303069264  157.454  276.759  -185.609  0.000031014  38518220  108129456     
381    382    0.506198347  0.312887788  0.303745836  559.768  22.497  -232.310  0.000039315  78428664  120659488     
382    383    0.505522132  0.313023120  0.302990049  176.576  311.744  -331.936  0.000068505  413954848  414418944     
383    384    0.505644083  0.313316107  0.302802384  -41.285  704.830  -792.011  0.000029456  32949322  302112800     
384    385    0.504477799  0.310769796  0.303998560  260.614  -693.416  -360.114  0.000053060  192591104  193983328     
385    386    0.507116258  0.313346624  0.303794533  711.485  844.073  -681.309  0.000360419  60172886016  60329275392     
386    387    0.506527126  0.313637137  0.302443922  52.545  521.216  -874.529  0.000033765  49656016  152216576     
387    388    0.506254137  0.313414633  0.303063422  -740.004  388.865  625.579  0.000078919  633926336  638567104     
388    389    0.506272554  0.313590556  0.302387714  -111.513  613.445  -667.927  0.000090961  967596288  1039992000     
389    390    0.506560504  0.312547952  0.303659588  838.781  977.389  -1015.782  0.000180552  8984491008  8984491008     
390    391    0.506551504  0.312916249  0.303592384  836.810  564.805  -690.772  0.000069956  440871200  441799360     
391    392    0.505581915  0.312482595  0.303918719  -734.362  -802.193  9.357  0.000189610  8762662912  8882857984     
392    393    0.506558061  0.312777728  0.302643150  620.355  -1205.089  64.475  0.000158404  28124796928  28124796928     
393    394    0.505684376  0.312129915  0.303790838  142.445  -459.514  -1326.562  0.000109114  2365853952  2365853952     
394    395    0.506787658  0.313357234  0.303284109  428.272  390.027  -635.060  0.000048555  147111760  152680656     
395    396    0.506550252  0.312842667  0.303436399  504.943  953.067  -988.940  0.000056534  232965616  379149216     
396    397    0.506640375  0.313675195  0.303047121  268.878  274.375  115.109  0.000083911  992192192  992192192     
397    398    0.506332755  0.312399477  0.303234726  1082.076  731.270  -814.361  0.000057511  278909024  278909024     
398    399    0.506543458  0.313564360  0.303135604  832.376  525.877  -419.402  0.000116303  2566798592  2566798592     
399    400    0.505837798  0.313192010  0.302932292  -206.444  701.266  -811.473  0.000136445  7026094592  7026094592     
400    401    0.505775511  0.312844723  0.303671002  936.820  733.068  342.305  0.000137575  3348300544  3392851968     
401    402    0.506860495  0.312869668  0.303044230  1022.695  1005.649  -974.868  0.000078153  2769135104  2769135104     
402    403    0.506963491  0.312863618  0.303106576  968.039  946.350  -471.741  0.000062678  571276224  571276224     
403    404    0.506326735  0.312578708  0.303506374  -592.942  1619.189  -430.027  0.000060035  479853472  479853472     
404    405    0.506067812  0.312350750  0.303552985  1214.087  1183.712  91.939  0.000052611  235750080  235750080     
405    406    0.506053269  0.312328011  0.303372234  -629.127  371.821  74.959  0.000067179  882206464  882206464     
406    407    0.506572604  0.313158929  0.303358138  -1085.785  -723.335  613.305  0.000108341  6842785280  6842785280     
407    408    0.506270468  0.313250631  0.302965969  -347.619  476.320  -644.977  0.000096212  1146265088  1149049600     
408    409    0.506360650  0.313146859  0.302587032  997.607  674.790  -467.038  0.000162918  19161655296  19161655296     
409    410    0.506231785  0.312710732  0.302943677  814.544  846.694  -483.238  0.000055774  363370688  363370688     
410    411    0.506480455  0.313384652  0.302707076  626.585  1044.323  -1256.853  0.000101007  21195231232  21195231232     
411    412    0.506488502  0.312989533  0.303274482  422.103  1368.143  -67.649  0.000084818  3138538752  3138538752     
412    413    0.505991220  0.312864780  0.303311169  436.428  170.576  -185.852  0.000025410  94207208  94207208     
413    414    0.506398499  0.312834084  0.302964240  -928.619  -842.363  146.339  0.000023073  281693472  281693472     
414    415    0.506163716  0.312607437  0.303375900  -848.880  -272.727  -173.671  0.000044485  5629229056  5629229056     
415    416    0.506105423  0.312754661  0.303115129  -521.016  45.311  855.472  0.000042566  2055387904  2055387904     
416    417    0.506421745  0.313033968  0.303074032  485.893  510.677  -216.395  0.000167862  131157327872  131157327872     
417    418    0.506526351  0.313087821  0.303021342  696.663  1090.114  -69.206  0.000026555  423700416  423700416     
418    419    0.506394804  0.312990993  0.303100705  502.476  730.900  -293.750  0.000018368  1169004672  1169004672     
419    420    0.505864859  0.312882364  0.303742647  9.981  464.228  -603.371  0.000060091  2147738880  2147738880     
420    421    0.507017255  0.313340425  0.303411871  1669.301  122.893  -431.359  0.000150182  4430523392  4430523392     
421    422    0.506089926  0.310915172  0.303466231  355.899  -226.119  -158.824  0.000025144  20883372  2747787776     
422    423    0.505365431  0.311670244  0.303984016  1489.385  1021.143  -185.067  0.000074041  522548384  523012448     
423    424    0.505003691  0.311535954  0.304533631  -39.537  -212.106  -27.776  0.000227103  65296785408  65296785408     
424    425    0.504855394  0.311641306  0.304267585  -135.443  140.797  534.240  0.000049190  153144720  156393248     
425    426    0.505714118  0.310800970  0.303219050  -269.280  -586.219  -1947.015  0.000335975  54938583040  54938583040     
426    427    0.505539656  0.310507894  0.303216994  117.835  418.728  -295.817  0.000135096  6766212608  6766212608     
427    428    0.504590869  0.310718238  0.304385006  930.842  1013.884  -576.037  0.000117745  2100403200  2113397248     
428    429    0.505873919  0.311150879  0.303777874  -554.718  184.169  357.974  0.000095327  1848874624  1848874624     
429    430    0.505457699  0.311175108  0.304111212  354.418  -95.741  -1026.902  0.000072219  896128704  896128704     
430    431    0.504923403  0.311491430  0.303539515  -34.313  -793.274  306.068  0.000166761  7655380480  7655380480     
431    432    0.504880488  0.310711771  0.303618371  115.242  -319.104  -141.819  0.000051569  176812560  213938544     
432    433    0.504552007  0.311455250  0.304236144  -731.112  108.939  412.510  0.000100279  4376690688  4376690688     
433    434    0.505194843  0.311420053  0.303433180  -87.567  100.881  -179.130  0.000044218  168459200  168459200     
434    435    0.504730463  0.310646564  0.304048866  944.098  -847.538  -798.353  0.000115425  6613068288  6613068288     
435    436    0.505703926  0.311347753  0.303428084  189.168  -112.590  -68.808  0.000083438  749481024  1388976384     
436    437    0.505548835  0.311229944  0.303593814  -268.433  -552.886  -183.097  0.000055104  215330768  228324880     
437    438    0.505547345  0.310721606  0.303690791  1394.531  -401.301  184.567  0.000160037  12052026368  12052026368     
438    439    0.504527092  0.311088979  0.304337770  -532.369  -713.824  48.327  0.000089215  1726358784  1726358784     
439    440    0.505414546  0.310467094  0.303678006  101.775  -811.005  -35.634  0.000071316  555497728  555497728     
440    441    0.505323648  0.310524225  0.303557098  -265.697  -264.036  474.049  0.000115289  1971390208  1976030976     
441    442    0.504758596  0.311516583  0.304192752  -58.384  423.033  924.346  0.000078182  616291520  665947520     
442    443    0.505239725  0.310463965  0.303985417  799.952  115.896  11.669  0.000047254  456649760  456649760     
443    444    0.505039275  0.311476171  0.304121912  793.857  930.029  225.836  0.000042386  171707728  171707728     
444    445    0.504783332  0.310949266  0.304166108  -19.642  323.551  -332.164  0.000044673  142471008  142471008     
445    446    0.504948735  0.310602486  0.304191828  -441.712  232.126  373.119  0.000179484  7464645632  7696683008     
446    447    0.505348682  0.311211586  0.303947270  87.542  390.170  -437.126  0.000041338  307681696  307681696     
447    448    0.505049109  0.310730904  0.303754747  399.116  293.529  -624.106  0.000040679  289118688  289118688     
448    449    0.504925370  0.310836881  0.303881198  291.342  356.014  -338.263  0.000048654  452008960  452008960     
449    450    0.505252600  0.311335683  0.303840429  -418.587  -296.273  512.555  0.000033241  146647680  146647680     
450    451    0.505067170  0.310757756  0.303896636  325.998  -121.797  -1894.500  0.000093015  5459377664  5459377664     
451    452    0.505222797  0.310841829  0.303773314  -478.380  651.948  87.629  0.000103862  9626770432  9626770432     
452    453    0.504855394  0.311033309  0.303978533  -809.911  345.711  -43.731  0.000030217  445976000  445976000     
453    454    0.505101979  0.311196536  0.303813785  291.982  -15.255  -433.514  0.000028339  10382284800  10382284800     
454    455    0.504760265  0.311017781  0.304279804  -84.837  -300.228  -40.614  0.000052936  374972544  374972544     
455    456    0.505618334  0.310683668  0.303690106  589.090  -52.102  -128.137  0.000030366  225540416  225540416     
456    457    0.505730689  0.310847968  0.303387552  973.785  -58.615  -1084.793  0.000054996  261738256  261738256     
457    458    0.505502522  0.310873330  0.303277403  -526.311  27.588  -726.515  0.000036949  313714656  313714656     
458    459    0.505536199  0.310817093  0.303001314  -296.138  -877.178  -1753.408  0.000051992  605153728  605153728     
459    460    0.506636620  0.314133167  0.302584022  543.685  164.009  -380.534  0.000023027  302112800  302112800     
460    461    0.506396294  0.311879188  0.303604513  1312.401  758.595  -539.933  0.000171583  6514220032  6529998848     
461    462    0.507263482  0.314762682  0.302691936  -223.492  82.764  -683.513  0.000022467  525796928  525796928     
462    463    0.471872687  0.314278036  0.317751914  119.861  -10.467  -222.559  0.000063087  324388384  950425472     
463    464    0.506682336  0.313879967  0.303447455  560.765  925.490  -1169.099  0.000087646  865499776  875709376     
464    465    0.486502826  0.302756637  0.299075693  331.924  2.958  -168.455  0.000025963  22739672  357337696     
465    466    0.486598402  0.321231216  0.317022949  -50.185  -248.143  -385.313  0.000030381  36661920  711426880     
466    467    0.486983240  0.321332186  0.316978127  -39.114  -299.393  -370.894  0.000045424  120659488  231109328     
467    468    0.487496734  0.320897162  0.316103637  -51.399  -139.498  -299.957  0.000045997  125764304  1098001280     
468    469    0.531255543  0.314733922  0.292387336  -233.418  163.691  -145.944  0.000040740  87246088  616755584     
469    470    0.503888845  0.287077069  0.307881236  120.535  58.214  -306.798  0.000114237  1918485760  1995986304     
470    471    0.502345204  0.309140056  0.303319037  -260.346  1133.336  -192.671  0.000098547  1232583040  1235367552     
471    472    0.502333045  0.308913112  0.303529859  -216.985  1276.057  -174.238  0.000028025  1611268096  1611268096     
472    473    0.486259699  0.321602374  0.318153471  36.392  -312.559  -279.513  0.000051206  172635872  194447408     
473    474    0.505674183  0.311854124  0.303425282  297.618  987.991  745.458  0.000063712  377292928  377292928     
474    475    0.501622558  0.315783352  0.305459142  612.131  -629.144  -606.108  0.000053695  688274688  688274688     
